6.371e+09
6.371e+09
6.37036e+09
6.36909e+09
6.36718e+09
6.36463e+09
6.36144e+09
6.35762e+09
6.35317e+09
6.34807e+09
6.34234e+09
6.33598e+09
6.32898e+09
6.32135e+09
6.31309e+09
6.30419e+09
6.29466e+09
6.28451e+09
6.27372e+09
6.2623e+09
6.25026e+09
6.23759e+09
6.22429e+09
6.21038e+09
6.19584e+09
6.18067e+09
6.16489e+09
6.14849e+09
6.13148e+09
6.11385e+09
6.0956e+09
6.07675e+09
6.05728e+09
6.03721e+09
6.01653e+09
5.99525e+09
5.97337e+09
5.95088e+09
5.9278e+09
5.90413e+09
5.87986e+09
5.855e+09
5.82955e+09
5.80352e+09
5.77691e+09
5.74971e+09
5.72194e+09
5.69359e+09
5.66467e+09
5.63518e+09
5.60512e+09
5.5745e+09
5.54332e+09
5.51159e+09
5.47929e+09
5.44645e+09
5.41306e+09
5.37912e+09
5.34465e+09
5.30963e+09
5.27408e+09
5.238e+09
5.20139e+09
5.16426e+09
5.12661e+09
5.08844e+09
5.04976e+09
5.01057e+09
4.97088e+09
4.93068e+09
4.88999e+09
4.8488e+09
4.80713e+09
4.76497e+09
4.72233e+09
4.67921e+09
4.63562e+09
4.59156e+09
4.54704e+09
4.50206e+09
4.45663e+09
4.41075e+09
4.36441e+09
4.31764e+09
4.27044e+09
4.2228e+09
4.17473e+09
4.12624e+09
4.07733e+09
4.02801e+09
3.97829e+09
3.92816e+09
3.87763e+09
3.82671e+09
3.7754e+09
3.72371e+09
3.67164e+09
3.6192e+09
3.5664e+09
3.51323e+09
