0
-6.371e+07
-1.2742e+08
-1.91124e+08
-2.54814e+08
-3.18486e+08
-3.82133e+08
-4.45747e+08
-5.09323e+08
-5.72855e+08
-6.36336e+08
-6.99759e+08
-7.63119e+08
-8.26409e+08
-8.89622e+08
-9.52753e+08
-1.01579e+09
-1.07874e+09
-1.14159e+09
-1.20432e+09
-1.26695e+09
-1.32945e+09
-1.39183e+09
-1.45407e+09
-1.51617e+09
-1.57813e+09
-1.63994e+09
-1.70159e+09
-1.76307e+09
-1.82439e+09
-1.88552e+09
-1.94648e+09
-2.00725e+09
-2.06782e+09
-2.12819e+09
-2.18836e+09
-2.24831e+09
-2.30804e+09
-2.36755e+09
-2.42683e+09
-2.48587e+09
-2.54467e+09
-2.60322e+09
-2.66152e+09
-2.71955e+09
-2.77732e+09
-2.83482e+09
-2.89204e+09
-2.94897e+09
-3.00562e+09
-3.06197e+09
-3.11802e+09
-3.17377e+09
-3.2292e+09
-3.28432e+09
-3.33911e+09
-3.39357e+09
-3.4477e+09
-3.5015e+09
-3.55494e+09
-3.60804e+09
-3.66078e+09
-3.71316e+09
-3.76517e+09
-3.81682e+09
-3.86808e+09
-3.91897e+09
-3.96946e+09
-4.01957e+09
-4.06928e+09
-4.11858e+09
-4.16748e+09
-4.21597e+09
-4.26404e+09
-4.31169e+09
-4.35892e+09
-4.40571e+09
-4.45206e+09
-4.49798e+09
-4.54345e+09
-4.58847e+09
-4.63304e+09
-4.67715e+09
-4.72079e+09
-4.76397e+09
-4.80667e+09
-4.8489e+09
-4.89064e+09
-4.93191e+09
-4.97268e+09
-5.01296e+09
-5.05274e+09
-5.09203e+09
-5.1308e+09
-5.16907e+09
-5.20682e+09
-5.24406e+09
-5.28078e+09
-5.31697e+09
-5.35263e+09
