0.1
0.100287
0.100575
0.100865
0.101156
0.101449
0.101744
0.102041
0.102339
0.102639
0.102941
0.103245
0.10355
0.103858
0.104167
0.104478
0.10479
0.105105
0.105422
0.10574
0.106061
0.106383
0.106707
0.107034
0.107362
0.107692
0.108025
0.108359
0.108696
0.109034
0.109375
0.109718
0.110063
0.11041
0.110759
0.111111
0.111465
0.111821
0.112179
0.11254
0.112903
0.113269
0.113636
0.114007
0.114379
0.114754
0.115132
0.115512
0.115894
0.116279
0.116667
0.117057
0.11745
0.117845
0.118243
0.118644
0.119048
0.119454
0.119863
0.120275
0.12069
0.121107
0.121528
0.121951
0.122378
0.122807
0.123239
0.123675
0.124113
0.124555
0.125
0.125448
0.125899
0.126354
0.126812
0.127273
0.127737
0.128205
0.128676
0.129151
0.12963
0.130112
0.130597
0.131086
0.131579
0.132075
0.132576
0.13308
0.133588
0.1341
0.134615
0.135135
0.135659
0.136187
0.136719
0.137255
0.137795
0.13834
0.138889
0.139442
0.14
0.140562
0.141129
0.1417
0.142276
0.142857
0.143443
0.144033
0.144628
0.145228
0.145833
0.146444
0.147059
0.147679
0.148305
0.148936
0.149573
0.150215
0.150862
0.151515
0.152174
0.152838
0.153509
0.154185
0.154867
0.155556
0.15625
0.156951
0.157658
0.158371
0.159091
0.159817
0.16055
0.16129
0.162037
0.162791
0.163551
0.164319
0.165094
0.165877
0.166667
0.167464
0.168269
0.169082
0.169903
0.170732
0.171569
0.172414
0.173267
0.174129
0.175
0.175879
0.176768
0.177665
0.178571
0.179487
0.180412
0.181347
0.182292
0.183246
0.184211
0.185185
0.18617
0.187166
0.188172
0.189189
0.190217
0.191257
0.192308
0.19337
0.194444
0.195531
0.196629
0.19774
0.198864
0.2
0.201149
0.202312
0.203488
0.204678
0.205882
0.207101
0.208333
0.209581
0.210843
0.212121
0.213415
0.214724
0.216049
0.217391
0.21875
0.220126
0.221519
0.22293
0.224359
0.225806
0.227273
0.228758
0.230263
0.231788
0.233333
0.234899
0.236486
0.238095
0.239726
0.241379
0.243056
0.244755
0.246479
0.248227
0.25
0.251799
0.253623
0.255474
0.257353
0.259259
0.261194
0.263158
0.265152
0.267176
0.269231
0.271318
0.273438
0.275591
0.277778
0.28
0.282258
0.284553
0.286885
0.289256
0.291667
0.294118
0.29661
0.299145
0.301724
0.304348
0.307018
0.309735
0.3125
0.315315
0.318182
0.321101
0.324074
0.327103
0.330189
0.333333
0.336538
0.339806
0.343137
0.346535
0.35
0.353535
0.357143
0.360825
0.364583
0.368421
0.37234
0.376344
0.380435
0.384615
0.388889
0.393258
0.397727
0.402299
0.406977
0.411765
0.416667
0.421687
0.426829
0.432099
0.4375
0.443038
0.448718
0.454545
0.460526
0.466667
0.472973
0.479452
0.486111
0.492958
0.5
0.507246
0.514706
0.522388
0.530303
0.538462
0.546875
0.555556
0.564516
0.57377
0.583333
0.59322
0.603448
0.614035
0.625
0.636364
0.648148
0.660377
0.673077
0.686275
0.7
0.714286
0.729167
0.744681
0.76087
0.777778
0.795455
0.813953
0.833333
0.853659
0.875
0.897436
0.921053
0.945946
0.972222
1
