0.1
0.100503
0.10101
0.101523
0.102041
0.102564
0.103093
0.103627
0.104167
0.104712
0.105263
0.10582
0.106383
0.106952
0.107527
0.108108
0.108696
0.10929
0.10989
0.110497
0.111111
0.111732
0.11236
0.112994
0.113636
0.114286
0.114943
0.115607
0.116279
0.116959
0.117647
0.118343
0.119048
0.11976
0.120482
0.121212
0.121951
0.122699
0.123457
0.124224
0.125
0.125786
0.126582
0.127389
0.128205
0.129032
0.12987
0.130719
0.131579
0.13245
0.133333
0.134228
0.135135
0.136054
0.136986
0.137931
0.138889
0.13986
0.140845
0.141844
0.142857
0.143885
0.144928
0.145985
0.147059
0.148148
0.149254
0.150376
0.151515
0.152672
0.153846
0.155039
0.15625
0.15748
0.15873
0.16
0.16129
0.162602
0.163934
0.165289
0.166667
0.168067
0.169492
0.17094
0.172414
0.173913
0.175439
0.176991
0.178571
0.18018
0.181818
0.183486
0.185185
0.186916
0.188679
0.190476
0.192308
0.194175
0.196078
0.19802
0.2
0.20202
0.204082
0.206186
0.208333
0.210526
0.212766
0.215054
0.217391
0.21978
0.222222
0.224719
0.227273
0.229885
0.232558
0.235294
0.238095
0.240964
0.243902
0.246914
0.25
0.253165
0.25641
0.25974
0.263158
0.266667
0.27027
0.273973
0.277778
0.28169
0.285714
0.289855
0.294118
0.298507
0.30303
0.307692
0.3125
0.31746
0.322581
0.327869
0.333333
0.338983
0.344828
0.350877
0.357143
0.363636
0.37037
0.377358
0.384615
0.392157
0.4
0.408163
0.416667
0.425532
0.434783
0.444444
0.454545
0.465116
0.47619
0.487805
0.5
0.512821
0.526316
0.540541
0.555556
0.571429
0.588235
0.606061
0.625
0.645161
0.666667
0.689655
0.714286
0.740741
0.769231
0.8
0.833333
0.869565
0.909091
0.952381
1
