0.1
0.100671
0.101351
0.102041
0.10274
0.103448
0.104167
0.104895
0.105634
0.106383
0.107143
0.107914
0.108696
0.109489
0.110294
0.111111
0.11194
0.112782
0.113636
0.114504
0.115385
0.116279
0.117188
0.11811
0.119048
0.12
0.120968
0.121951
0.122951
0.123967
0.125
0.12605
0.127119
0.128205
0.12931
0.130435
0.131579
0.132743
0.133929
0.135135
0.136364
0.137615
0.138889
0.140187
0.141509
0.142857
0.144231
0.145631
0.147059
0.148515
0.15
0.151515
0.153061
0.154639
0.15625
0.157895
0.159574
0.16129
0.163043
0.164835
0.166667
0.168539
0.170455
0.172414
0.174419
0.176471
0.178571
0.180723
0.182927
0.185185
0.1875
0.189873
0.192308
0.194805
0.197368
0.2
0.202703
0.205479
0.208333
0.211268
0.214286
0.217391
0.220588
0.223881
0.227273
0.230769
0.234375
0.238095
0.241935
0.245902
0.25
0.254237
0.258621
0.263158
0.267857
0.272727
0.277778
0.283019
0.288462
0.294118
0.3
0.306122
0.3125
0.319149
0.326087
0.333333
0.340909
0.348837
0.357143
0.365854
0.375
0.384615
0.394737
0.405405
0.416667
0.428571
0.441176
0.454545
0.46875
0.483871
0.5
0.517241
0.535714
0.555556
0.576923
0.6
0.625
0.652174
0.681818
0.714286
0.75
0.789474
0.833333
0.882353
0.9375
1
