0.0974
0.0992
0.1032
0.1005
0.1077
0.1036
0.1041
0.0965
0.1069
0.1043
0.1106
0.1042
0.1064
0.1101
0.1081
0.1118
0.1123
0.1103
0.1101
0.1155
0.1103
0.1059
0.1117
0.114
0.1098
0.1152
0.1102
0.1136
0.116
0.117
0.1159
0.1183
0.1246
0.1206
0.1192
0.121
0.1181
0.1228
0.1196
0.1302
0.1308
0.1243
0.1247
0.1322
0.1264
0.1243
0.1317
0.1289
0.1232
0.131
0.1324
0.1317
0.1375
0.1362
0.1346
0.1365
0.1331
0.136
0.14
0.1387
0.14
0.1422
0.1434
0.1503
0.1508
0.1499
0.1371
0.1501
0.1507
0.1476
0.153
0.1585
0.1546
0.1578
0.1587
0.1592
0.1616
0.1595
0.1626
0.1596
0.1637
0.1634
0.1656
0.1674
0.1787
0.1711
0.1747
0.17
0.1744
0.1773
0.1752
0.1701
0.1933
0.181
0.1861
0.1889
0.1864
0.1971
0.1916
0.1961
0.1999
0.1999
0.2017
0.2048
0.2033
0.2107
0.2099
0.2168
0.2161
0.2193
0.2254
0.2177
0.2317
0.231
0.2287
0.2273
0.2353
0.2439
0.237
0.2386
0.2541
0.2534
0.2551
0.2546
0.2584
0.2652
0.2605
0.2679
0.2733
0.2715
0.2832
0.2829
0.287
0.2998
0.2989
0.2983
0.3151
0.3116
0.3193
0.3227
0.3252
0.3295
0.3394
0.3405
0.3542
0.3553
0.3604
0.3735
0.376
0.3823
0.3852
0.4003
0.4124
0.4174
0.4229
0.4399
0.436
0.4536
0.4661
0.473
0.4856
0.5007
0.5159
0.5154
0.5413
0.5506
0.5624
0.594
0.6021
0.623
0.6387
0.6662
0.6857
0.717
0.7389
0.7764
0.7973
0.8377
0.8707
0.9104
0.9512
