1
0.5
0.666667
0.75
0.8
0.833333
0.714286
0.625
0.555556
0.5
0.545455
0.583333
0.615385
0.571429
0.6
0.5625
0.529412
0.5
0.526316
0.55
0.52381
0.5
0.478261
0.458333
0.44
0.461538
0.444444
0.428571
0.448276
0.433333
0.419355
0.40625
0.393939
0.411765
0.4
0.388889
0.405405
0.394737
0.410256
0.4
0.414634
0.404762
0.418605
0.409091
0.4
0.413043
0.404255
0.395833
0.408163
0.4
0.411765
0.423077
0.433962
0.425926
0.418182
0.410714
0.403509
0.396552
0.38983
0.383333
0.377049
0.387097
0.396825
0.40625
0.4
0.393939
0.38806
0.397059
0.405797
0.4
0.408451
0.416667
0.410959
0.418919
0.413333
0.407895
0.415584
0.423077
0.417722
0.4125
0.407407
0.402439
0.39759
0.392857
0.388235
0.383721
0.37931
0.375
0.370787
0.366667
0.373626
0.380435
0.376344
0.37234
0.368421
0.364583
0.360825
0.367347
0.363636
0.36
0.366337
0.362745
0.359223
0.355769
0.352381
0.349057
0.35514
0.351852
0.357798
0.354545
0.36036
0.357143
0.362832
0.359649
0.365217
0.37069
0.376068
0.372881
0.369748
0.366667
0.371901
0.368852
0.365854
0.362903
0.36
0.365079
0.370079
0.375
0.372093
0.376923
0.374046
0.371212
0.37594
0.380597
0.385185
0.389706
0.386861
0.384058
0.381295
0.378571
0.375887
0.373239
0.370629
0.375
0.372414
0.369863
0.367347
0.364865
0.369128
0.373333
0.370861
0.375
0.372549
0.37013
0.367742
0.371795
0.375796
0.373418
0.371069
0.36875
0.36646
0.364198
0.368098
0.365854
0.369697
0.36747
0.371257
0.369048
0.366864
0.364706
0.362573
0.366279
0.364162
0.367816
0.365714
0.369318
0.367232
0.370787
0.368715
0.366667
0.364641
0.362637
0.360656
0.358696
0.362162
0.365591
0.363636
0.367021
0.365079
0.363158
0.366492
0.364583
0.362694
0.360825
0.364103
0.362245
0.365482
0.363636
0.366834
0.37
0.368159
0.371287
0.369458
0.367647
0.365854
0.364078
0.36715
0.370192
0.368421
0.366667
0.369668
0.367925
0.366197
0.369159
0.367442
0.365741
0.364055
0.362385
0.360731
0.363636
0.366516
0.369369
0.367713
0.370536
0.373333
0.376106
0.374449
0.372807
0.371179
0.369565
0.367965
0.366379
0.364807
0.363248
0.361702
0.36017
0.35865
0.361345
0.359833
0.358333
0.360996
0.359504
0.358025
0.356557
0.359184
0.361789
0.364372
0.362903
0.365462
0.368
0.370518
0.373016
0.375494
0.374016
0.372549
0.371094
0.36965
0.372093
0.374517
0.376923
0.375479
0.377863
0.376426
0.378788
0.377358
0.379699
0.378277
0.380597
0.3829
0.381481
0.380074
0.378676
0.377289
0.375912
0.374545
0.376812
0.375451
0.377698
0.376344
0.378571
0.377224
0.375887
0.378092
0.376761
0.375439
0.377622
0.376307
0.375
0.373702
0.375862
0.37457
0.373288
0.375427
0.37415
0.372881
0.371622
0.37037
0.372483
0.371237
0.373333
0.372093
0.370861
0.369637
0.368421
0.367213
0.366013
0.364821
0.366883
0.365696
0.367742
0.366559
0.36859
0.370607
0.369427
0.368254
0.370253
0.369085
0.371069
0.369906
0.36875
0.367601
0.36646
0.368421
0.37037
0.372308
0.371166
0.370031
0.368902
0.367781
0.369697
0.36858
0.36747
0.369369
0.368263
0.367164
0.366071
0.364985
0.363905
0.362832
0.361765
0.360704
0.359649
0.361516
0.360465
0.362319
0.361272
0.360231
0.362069
0.363897
0.362857
0.361823
0.360795
0.359773
0.361582
0.36338
0.36236
0.361345
0.360335
0.362117
0.361111
0.360111
0.359116
0.358127
0.357143
0.356164
0.355191
0.354223
0.353261
0.352304
0.351351
0.3531
0.354839
0.356568
0.355615
0.357333
0.356383
0.35809
0.357143
0.356201
0.355263
0.354331
0.356021
0.355091
0.356771
0.358442
0.357513
0.359173
0.358247
0.359897
0.361538
0.363171
0.362245
0.361323
0.360406
0.359494
0.358586
0.357683
0.356784
0.35589
0.3575
0.356608
0.355721
0.354839
0.356436
0.355556
0.35468
0.356265
0.355392
0.354523
0.353659
0.355231
0.356796
0.355932
0.355072
0.354217
0.353365
0.352518
0.351675
0.353222
0.352381
0.353919
0.353081
0.352246
0.353774
0.352941
0.352113
0.35363
0.35514
0.354312
0.353488
0.352668
0.351852
0.351039
0.35023
0.349425
0.350917
0.352403
0.351598
0.350797
0.35
0.349206
0.348416
0.349887
0.349099
0.350562
0.349776
0.35123
0.350446
0.349666
0.351111
0.350333
0.349558
0.350993
0.35022
0.349451
0.348684
0.350109
0.349345
0.350763
0.35
0.349241
0.350649
0.352052
0.353448
0.352688
0.354077
0.353319
0.354701
0.353945
0.353191
0.354565
0.355932
0.35518
0.35443
0.355789
0.357143
0.356394
0.357741
0.356994
0.358333
0.357588
0.358921
0.358178
0.357438
0.358763
0.358025
0.35729
0.358607
0.357873
0.357143
0.356415
0.357724
0.356998
0.356275
0.355556
0.354839
0.354125
0.355422
0.356713
0.358
0.359281
0.358566
0.359841
0.359127
0.360396
0.359684
0.358974
0.358268
0.357564
0.358824
0.360078
0.361328
0.362573
0.361868
0.361165
0.362403
0.361702
0.361004
0.360308
0.361538
0.362764
0.362069
0.363289
0.362595
0.361905
0.363118
0.362429
0.363636
0.362949
0.362264
0.361582
0.360902
0.362101
0.361423
0.362617
0.36194
0.361266
0.360595
0.359926
0.361111
0.362292
0.363469
0.362799
0.362132
0.363303
0.362637
0.361974
0.361314
0.360656
0.36
0.359347
0.360507
0.359855
0.359206
0.36036
0.359712
0.359066
0.360215
0.36136
0.360714
0.361854
0.36121
0.360568
0.359929
0.361062
0.362191
0.361552
0.362676
0.363796
0.364912
0.366025
0.365385
0.366492
0.365854
0.365217
0.364583
0.365685
0.366782
0.366149
0.365517
0.364888
0.364261
0.363636
0.363014
0.362393
0.361775
0.362862
0.363946
0.363328
0.364407
0.365482
0.364865
0.36425
0.36532
0.364706
0.364094
0.363484
0.362876
0.36227
0.361667
0.361065
0.360465
0.359867
0.360927
0.360331
0.359736
0.359143
0.358553
0.359606
0.360656
0.360065
0.359477
0.358891
0.358306
0.35935
0.36039
0.359806
0.360841
0.360258
0.359677
0.359098
0.358521
0.359551
0.358974
0.3584
0.359425
0.358852
0.359873
0.3593
0.360317
0.361331
0.362342
0.361769
0.361199
0.36063
0.361635
0.361068
0.360502
0.361502
0.360938
0.360374
0.359813
0.360809
0.360248
0.35969
0.360681
0.361669
0.361111
0.362096
0.361538
0.360983
0.361963
0.361409
0.360856
0.360305
0.361281
0.360731
0.360182
0.361153
0.360606
0.360061
0.359517
0.358974
0.358434
0.357895
0.357357
0.358321
0.359281
0.360239
0.359701
0.359165
0.360119
0.36107
0.362018
0.361481
0.360947
0.360414
0.361357
0.362298
0.361765
0.361233
0.36217
0.36164
0.362573
0.362044
0.361516
0.36099
0.360465
0.359942
0.35942
0.3589
0.358382
0.357864
0.357349
0.356835
0.356322
0.357245
0.356734
0.357654
0.357143
0.356633
0.35755
0.358464
0.357955
0.357447
0.356941
0.35785
0.358757
0.358251
0.359155
0.360056
0.359551
0.360449
0.359944
0.360839
0.361732
0.362622
0.362117
0.361613
0.361111
0.361997
0.362881
0.363762
0.364641
0.364138
0.365014
0.364512
0.365385
0.364883
0.365753
0.366621
0.36612
0.366985
0.366485
0.365986
0.366848
0.36635
0.367209
0.366712
0.367568
0.367072
0.367925
0.367429
0.366935
0.367785
0.368633
0.368139
0.368984
0.368491
0.368
0.368842
0.368351
0.367862
0.3687
0.368212
0.367725
0.36856
0.368074
0.367589
0.367105
0.366623
0.366142
0.366972
0.366492
0.366013
0.366841
0.367666
0.367188
0.36801
0.367532
0.367056
0.367876
0.368693
0.368217
0.367742
0.367268
0.368082
0.367609
0.367137
0.367949
0.368758
0.368286
0.367816
0.368622
0.368153
0.368957
0.368488
0.36802
0.368821
0.36962
0.370417
0.369949
0.370744
0.370277
0.369811
0.369347
0.368883
0.369674
0.369212
0.36875
0.36829
0.36783
0.367372
0.366915
0.367702
0.367246
0.366791
0.366337
0.365884
0.365432
0.364982
0.364532
0.364084
0.364865
0.365644
0.365196
0.364749
0.364303
0.365079
0.364634
0.365408
0.364964
0.36452
0.364078
0.364848
0.365617
0.365175
0.365942
0.365501
0.36506
0.364621
0.364183
0.363746
0.363309
0.362874
0.36244
0.363202
0.362769
0.363528
0.364286
0.365042
0.364608
0.364176
0.364929
0.36568
0.365248
0.365998
0.366745
0.366313
0.365882
0.366627
0.366197
0.365768
0.366511
0.366082
0.365654
0.366394
0.365967
0.365541
0.365116
0.364692
0.364269
0.363847
0.364583
0.364162
0.363741
0.363322
0.362903
0.363636
0.363218
0.362801
0.363532
0.364261
0.364989
0.364571
0.364155
0.36374
0.363326
0.36405
0.364773
0.364359
0.363946
0.363533
0.363122
0.362712
0.363431
0.363021
0.363739
0.36333
0.364045
0.363636
0.36435
0.363942
0.363535
0.364246
0.363839
0.364549
0.365256
0.365962
0.365556
0.36515
0.364745
0.365449
0.36615
0.366851
0.36755
0.367144
0.36674
0.366337
0.365934
0.365532
0.365132
0.364732
0.364333
0.365027
0.364629
0.364231
0.364924
0.364527
0.365217
0.364821
0.364425
0.36403
0.363636
0.363243
0.362851
0.36246
0.363147
0.363832
0.363441
0.364125
0.363734
0.363344
0.362955
0.362567
0.362179
0.36286
0.363539
0.363152
0.362766
0.36238
0.363057
0.362672
0.362288
0.361905
0.361522
0.36114
0.361814
0.361433
0.362105
0.361724
0.361345
0.360965
0.361635
0.361257
0.360879
0.360502
0.361169
0.360792
0.360417
0.360042
0.359667
0.359294
0.358921
0.359585
0.359213
0.358842
0.359504
0.359133
0.358763
0.359423
0.360082
0.359712
0.359343
0.358974
0.358607
0.35824
0.357873
0.357508
0.357143
0.356779
0.356415
0.35707
0.356707
0.356345
0.355984
0.355623
0.355263
0.354904
0.354545
0.354188
0.353831
0.354481
0.354125
0.354774
0.355422
0.355065
0.354709
0.354354
0.355
0.354645
0.354291
0.353938
0.353586
0.353234
0.352883
0.352532
0.353175
0.352825
0.352475
0.352127
0.351779
0.352419
0.353057
0.353695
0.353346
0.353982
0.353635
0.353288
0.352941
0.352596
0.35225
0.351906
0.352539
0.353171
0.352827
0.353457
0.353113
0.35277
0.353398
0.354025
0.354651
0.354308
0.353965
0.354589
0.355212
0.35487
0.355491
0.355149
0.355769
0.355427
0.355086
0.355705
0.356322
0.355981
0.356597
0.356256
0.355916
0.35653
0.357143
0.356803
0.356464
0.357075
0.357685
0.357346
0.357008
0.35667
0.356333
0.355996
0.35566
0.355325
0.355932
0.356538
0.357143
0.356808
0.356473
0.356139
0.356742
0.356408
0.356075
0.355742
0.35541
0.355079
0.354749
0.354419
0.355019
0.354689
0.355288
0.354958
0.35463
0.355227
0.355823
0.355494
0.355166
0.354839
0.354512
0.354186
0.35386
0.354454
0.354128
0.353804
0.354396
0.354986
0.355576
0.355251
0.355839
0.355515
0.356102
0.356688
0.356364
0.356948
0.357532
0.357208
0.356884
0.356561
0.356239
0.355917
0.356498
0.356177
0.356757
0.357336
0.357914
0.357592
0.357271
0.356951
0.356631
0.356312
0.355993
0.355675
0.355357
0.355932
0.355615
0.356189
0.355872
0.355556
0.35524
0.354925
0.355496
0.356067
0.356637
0.357206
0.357774
0.357458
0.357143
0.356828
0.356514
0.356201
0.355888
0.355575
0.35614
0.356705
0.356392
0.356081
0.355769
0.356332
0.356021
0.355711
0.356272
0.356832
0.356522
0.356212
0.355903
0.356461
0.356153
0.355844
0.355536
0.355229
0.354922
0.355479
0.356034
0.355728
0.356282
0.355976
0.35567
0.356223
0.355918
0.355613
0.355308
0.355004
0.354701
0.355252
0.354949
0.355499
0.355196
0.354894
0.354592
0.35514
0.354839
0.354538
0.354237
0.354784
0.354484
0.354184
0.353885
0.353586
0.353288
0.352991
0.352694
0.352397
0.352101
0.351805
0.352349
0.352054
0.352596
0.352301
0.352843
0.352548
0.352254
0.35196
0.3525
0.352206
0.352745
0.352452
0.352159
0.351867
0.351575
0.352113
0.351821
0.352357
0.352893
0.352601
0.35231
0.35202
0.35173
0.35144
0.351974
0.351684
0.352217
0.351928
0.352459
0.35217
0.352701
0.352412
0.352941
0.352653
0.353181
0.353708
0.35342
0.353133
0.353659
0.353371
0.353896
0.353609
0.354133
0.354656
0.355178
0.354891
0.354604
0.355125
0.355645
0.355359
0.355072
0.354787
0.355305
0.35502
0.354735
0.354451
0.354167
0.354684
0.3544
0.354117
0.353834
0.35435
0.354864
0.355378
0.355096
0.354813
0.355326
0.355044
0.354762
0.355274
0.354992
0.355503
0.355222
0.355731
0.35545
0.35517
0.355678
0.356186
0.356693
0.357199
0.356918
0.356638
0.356358
0.356078
0.356583
0.356304
0.356025
0.356529
0.357031
0.357533
0.358034
0.357755
0.357477
0.357977
0.357698
0.35742
0.357143
0.356866
0.357364
0.357088
0.356811
0.356535
0.35626
0.355985
0.35571
0.356207
0.355932
0.355658
0.355385
0.35588
0.356375
0.356101
0.356595
0.356322
0.356049
0.355777
0.355505
0.355233
0.355725
0.356217
0.356707
0.357197
0.356925
0.356654
0.356383
0.356112
0.356601
0.356331
0.356061
0.356548
0.357035
0.357521
0.357251
0.357736
0.357466
0.357197
0.357681
0.357412
0.357143
0.356875
0.357357
0.357089
0.356822
0.356554
0.357036
0.357517
0.35725
0.356983
0.357463
0.357942
0.357675
0.357409
0.357143
0.357621
0.357355
0.357832
0.357567
0.357302
0.357778
0.358253
0.358728
0.358463
0.358198
0.358672
0.358407
0.358143
0.357879
0.358352
0.358088
0.357825
0.358297
0.358034
0.358504
0.358242
0.35798
0.357718
0.357456
0.357195
0.357664
0.357403
0.357143
0.357611
0.357351
0.357091
0.357558
0.358025
0.357765
0.358231
0.358696
0.358436
0.3589
0.359364
0.359827
0.359567
0.359307
0.359048
0.35879
0.358531
0.358273
0.358735
0.358477
0.35822
0.35868
0.358423
0.358166
0.35791
0.357654
0.358113
0.358571
0.359029
0.359486
0.35923
0.359687
0.360142
0.359886
0.35963
0.359375
0.35912
0.358865
0.358611
0.359065
0.359519
0.359264
0.359011
0.358757
0.358504
0.358251
0.357999
0.357746
0.357495
0.357243
0.356992
0.356742
0.356491
0.356241
0.356692
0.356443
0.356893
0.357343
0.357093
0.356844
0.357292
0.357043
0.356794
0.356546
0.356994
0.356745
0.357192
0.356944
0.356697
0.356449
0.356895
0.356648
0.357093
0.356846
0.3566
0.356354
0.356108
0.356552
0.356995
0.356749
0.356504
0.356946
0.356701
0.356456
0.356898
0.356653
0.357094
0.357534
0.357974
0.357729
0.357485
0.35724
0.357679
0.357435
0.357192
0.357629
0.357386
0.357143
0.35758
0.358016
0.357773
0.358209
0.358644
0.358401
0.358158
0.358593
0.35835
0.358108
0.358542
0.3583
0.358058
0.358491
0.358249
0.358008
0.35844
0.358871
0.35863
0.35906
0.35882
0.358579
0.359009
0.359438
0.359197
0.359626
0.359385
0.359813
0.359573
0.36
0.35976
0.359521
0.359281
0.359707
0.359468
0.359894
0.359655
0.36008
0.359841
0.359603
0.360026
0.359788
0.359551
0.359974
0.359736
0.359499
0.359921
0.359684
0.360105
0.359868
0.359632
0.359396
0.35916
0.358924
0.358689
0.358453
0.358219
0.357984
0.35775
0.357516
0.357936
0.357702
0.357469
0.357888
0.358306
0.358073
0.35784
0.358257
0.358025
0.357792
0.358209
0.357977
0.358393
0.358808
0.359223
0.359638
0.359405
0.359819
0.359587
0.359355
0.359768
0.359536
0.359305
0.359717
0.359486
0.359255
0.359666
0.359435
0.359205
0.358974
0.358744
0.358515
0.358285
0.358056
0.357827
0.358238
0.358009
0.357781
0.35819
0.357962
0.357734
0.357506
0.357915
0.357687
0.35746
0.357233
0.357007
0.356781
0.356555
0.356329
0.356104
0.355879
0.356286
0.356692
0.356467
0.356242
0.356648
0.357053
0.357458
0.357862
0.357637
0.357412
0.357188
0.356964
0.35674
0.357143
0.356919
0.357322
0.357098
0.3575
0.357277
0.357054
0.356831
0.356608
0.356386
0.356164
0.355943
0.355721
0.356122
0.355901
0.35568
0.355459
0.355239
0.355019
0.354799
0.354579
0.35436
0.354759
0.35454
0.354321
0.354102
0.354501
0.354282
0.35468
0.354462
0.354859
0.355255
0.355037
0.354819
0.354601
0.354384
0.354779
0.354562
0.354345
0.35474
0.354523
0.354307
0.35409
0.354484
0.354268
0.354662
0.354446
0.354839
0.354623
0.355015
0.3548
0.355191
0.354976
0.35476
0.354545
0.354331
0.354722
0.354507
0.354897
0.355287
0.355072
0.354858
0.354644
0.355033
0.354819
0.355208
0.354994
0.354781
0.355168
0.354955
0.354742
0.354529
0.354916
0.355303
0.35509
0.354877
0.354665
0.354453
0.354839
0.354627
0.354415
0.3548
0.354589
0.354378
0.354762
0.354551
0.35434
0.35413
0.353919
0.353709
0.353499
0.353883
0.353673
0.353464
0.353254
0.353046
0.353428
0.35381
0.353601
0.353392
0.353774
0.353565
0.353946
0.353738
0.354118
0.353909
0.353702
0.354081
0.353873
0.353666
0.353458
0.353251
0.35363
0.353423
0.353216
0.35301
0.352804
0.353182
0.352975
0.35277
0.352564
0.352359
0.352736
0.353112
0.352907
0.352702
0.352497
0.352873
0.352668
0.352464
0.35226
0.352635
0.352431
0.352805
0.353179
0.352975
0.352771
0.352568
0.352364
0.352738
0.352535
0.352332
0.352704
0.353076
0.352874
0.353245
0.353042
0.353414
0.353211
0.353009
0.352806
0.352604
0.352403
0.352201
0.352571
0.352941
0.35274
0.353109
0.352908
0.353276
0.353645
0.354013
0.35438
0.354179
0.353977
0.354344
0.354711
0.355077
0.355442
0.355241
0.355606
0.355971
0.355769
0.355568
0.355367
0.355167
0.354966
0.354766
0.354566
0.354366
0.35473
0.35453
0.354893
0.355256
0.355056
0.354857
0.355219
0.35558
0.355381
0.355182
0.354983
0.354785
0.354586
0.354388
0.354749
0.355109
0.354911
0.354713
0.355072
0.354875
0.354677
0.35448
0.354283
0.354641
0.354444
0.354803
0.355161
0.355519
0.355321
0.355679
0.355482
0.355285
0.355642
0.355998
0.356354
0.356709
0.356512
0.356315
0.356119
0.355923
0.355727
0.356081
0.355886
0.35569
0.355494
0.355299
0.355104
0.354909
0.355263
0.355616
0.355969
0.356322
0.356674
0.357026
0.356831
0.356636
0.356441
0.356247
0.356052
0.356403
0.356209
0.356015
0.355822
0.355628
0.355435
0.355785
0.355592
0.355399
0.355206
0.355014
0.355363
0.355171
0.354978
0.354786
0.354595
0.354943
0.354752
0.35456
0.354369
0.354717
0.354526
0.354335
0.354144
0.353954
0.353763
0.353573
0.353383
0.353194
0.353004
0.352815
0.352626
0.352973
0.352784
0.352595
0.352406
0.352218
0.35203
0.351842
0.351654
0.352
0.351812
0.351625
0.351438
0.351251
0.351596
0.351409
0.351222
0.351036
0.35138
0.351194
0.351538
0.351881
0.351695
0.351509
0.351323
0.351137
0.350951
0.350766
0.350581
0.350396
0.350738
0.350554
0.350369
0.350184
0.350526
0.350342
0.350683
0.350499
0.35084
0.350656
0.350472
0.350288
0.350105
0.349921
0.349738
0.349555
0.349372
0.34919
0.349007
0.348825
0.348643
0.348461
0.348279
0.348098
0.347917
0.348256
0.348075
0.348414
0.348233
0.348052
0.347871
0.34821
0.348029
0.348367
0.348187
0.348006
0.347826
0.348163
0.347983
0.347804
0.348141
0.347961
0.347781
0.348118
0.347938
0.347759
0.34758
0.347916
0.347737
0.347558
0.347379
0.347714
0.348049
0.348384
0.348718
0.348539
0.348361
0.348182
0.348516
0.348849
0.349182
0.349515
0.349336
0.349158
0.34898
0.348802
0.348624
0.348956
0.348778
0.349109
0.34944
0.349263
0.349593
0.349416
0.349239
0.349569
0.349391
0.349721
0.349544
0.349367
0.34919
0.349519
0.349848
0.349672
0.35
0.350328
0.350151
0.349975
0.349798
0.349622
0.34995
0.349774
0.349598
0.349422
0.349246
0.349573
0.3499
0.350226
0.35005
0.350376
0.350701
0.351027
0.350851
0.351176
0.3515
0.351324
0.351149
0.351473
0.351796
0.351621
0.351944
0.352267
0.35259
0.352912
0.352736
0.352561
0.352386
0.352211
0.352036
0.351861
0.351687
0.351512
0.351338
0.351164
0.351485
0.351311
0.351137
0.350964
0.351285
0.351111
0.350938
0.350765
0.350592
0.350912
0.350739
0.350566
0.350394
0.350713
0.350541
0.35086
0.350688
0.350515
0.350343
0.350172
0.35049
0.350318
0.350147
0.349976
0.349804
0.349633
0.349462
0.34978
0.349609
0.349439
0.349756
0.349586
0.349903
0.350219
0.350536
0.350365
0.350195
0.350024
0.35034
0.350656
0.350485
0.350801
0.351115
0.350945
0.350775
0.35109
0.35092
0.351234
0.351064
0.350894
0.351208
0.351521
0.351834
0.351664
0.351495
0.351807
0.351638
0.351468
0.351299
0.35113
0.350962
0.350793
0.350624
0.350936
0.350768
0.351079
0.35139
0.351701
0.351533
0.351364
0.351196
0.351506
0.351816
0.351648
0.351958
0.35179
0.351622
0.351454
0.351287
0.351596
0.351429
0.351737
0.352046
0.351878
0.351711
0.351544
0.351377
0.35121
0.351518
0.351826
0.351659
0.351966
0.351799
0.351633
0.351939
0.351773
0.351607
0.351441
0.351275
0.351109
0.350943
0.350778
0.350613
0.350447
0.350282
0.350118
0.349953
0.349788
0.349624
0.34946
0.349296
0.349132
0.349437
0.349273
0.349578
0.349883
0.349719
0.350023
0.350327
0.350631
0.350467
0.350771
0.351074
0.35091
0.351213
0.351515
0.351351
0.351188
0.351024
0.350861
0.351163
0.351
0.351301
0.351138
0.350975
0.350812
0.350649
0.350487
0.350324
0.350625
0.350463
0.350301
0.350139
0.350439
0.350739
0.351039
0.350877
0.350715
0.350554
0.350392
0.350691
0.35053
0.350368
0.350207
0.350506
0.350345
0.350643
0.350482
0.350321
0.350161
0.350459
0.350298
0.350596
0.350435
0.350275
0.350572
0.350869
0.351166
0.351463
0.351759
0.351598
0.351438
0.351277
0.351573
0.351413
0.351708
0.352004
0.351843
0.351683
0.351978
0.352273
0.352567
0.352861
0.352701
0.352541
0.352381
0.352221
0.352515
0.352808
0.353101
0.353394
0.353234
0.353526
0.353366
0.353207
0.353499
0.353339
0.35318
0.353021
0.353312
0.353604
0.353895
0.353735
0.353576
0.353417
0.353708
0.353998
0.354288
0.354129
0.35397
0.353812
0.353653
0.353495
0.353336
0.353626
0.353468
0.353309
0.353152
0.352994
0.352836
0.352679
0.352521
0.352364
0.352653
0.352496
0.352784
0.352627
0.352915
0.352758
0.352601
0.352444
0.352732
0.352575
0.352419
0.352263
0.352106
0.35195
0.352237
0.352524
0.352368
0.352212
0.352057
0.351901
0.352187
0.352473
0.352318
0.352162
0.352007
0.351852
0.351697
0.351542
0.351387
0.351232
0.351078
0.350923
0.350769
0.350615
0.3509
0.350746
0.350592
0.350439
0.350285
0.350131
0.349978
0.349825
0.349672
0.349956
0.349803
0.34965
0.349498
0.349345
0.349629
0.349476
0.349324
0.349608
0.349455
0.349739
0.349586
0.349869
0.349717
0.349565
0.349413
0.349696
0.349544
0.349826
0.350108
0.35039
0.350238
0.350087
0.349935
0.349784
0.349632
0.349481
0.34933
0.349611
0.34946
0.349741
0.34959
0.349439
0.349288
0.349569
0.349418
0.349268
0.349118
0.348967
0.349247
0.349097
0.348947
0.349227
0.349077
0.348927
0.348777
0.348628
0.348478
0.348329
0.34818
0.348031
0.347882
0.347733
0.348012
0.347863
0.347715
0.347993
0.347845
0.348123
0.347974
0.347826
0.347678
0.34753
0.347382
0.347234
0.347086
0.347364
0.347216
0.347069
0.347346
0.347199
0.347051
0.346904
0.346757
0.34661
0.346463
0.34674
0.347017
0.34687
0.346723
0.346577
0.34643
0.346284
0.346138
0.346413
0.346267
0.346121
0.345976
0.346251
0.346105
0.34596
0.345814
0.345669
0.345523
0.345798
0.345653
0.345508
0.345363
0.345638
0.345493
0.345348
0.345203
0.345059
0.344914
0.345188
0.345462
0.345736
0.346009
0.345865
0.34572
0.345993
0.346266
0.346122
0.345977
0.34625
0.346106
0.345962
0.345818
0.345674
0.34553
0.345387
0.345659
0.345515
0.345372
0.345643
0.345915
0.345771
0.345628
0.345485
0.345342
0.345199
0.345056
0.344913
0.345184
0.345041
0.345312
0.345582
0.34544
0.345297
0.345155
0.345425
0.345282
0.34514
0.344998
0.344856
0.344714
0.344572
0.344431
0.3447
0.344969
0.345238
0.345507
0.345365
0.345633
0.345492
0.34576
0.345618
0.345477
0.345745
0.345603
0.345462
0.345321
0.34518
0.345039
0.345306
0.345165
0.345024
0.344884
0.344743
0.34501
0.345277
0.345136
0.344996
0.344856
0.344715
0.344982
0.344842
0.345108
0.344968
0.344828
0.344688
0.344953
0.344814
0.344674
0.344534
0.344395
0.34466
0.344521
0.344786
0.345051
0.344911
0.344772
0.345036
0.344897
0.345161
0.345022
0.345286
0.345147
0.345008
0.344869
0.345133
0.345396
0.345257
0.345119
0.34498
0.345243
0.345506
0.345367
0.345229
0.34509
0.344952
0.345214
0.345076
0.344938
0.3448
0.345062
0.344924
0.344786
0.344649
0.344511
0.344773
0.345034
0.344896
0.344759
0.34502
0.344883
0.344745
0.345006
0.344869
0.345129
0.344992
0.344855
0.344718
0.344978
0.344841
0.344704
0.344568
0.344431
0.344295
0.344554
0.344418
0.344282
0.344146
0.344405
0.344269
0.344133
0.343997
0.343861
0.343725
0.343984
0.343849
0.343713
0.343578
0.343442
0.343307
0.343566
0.343824
0.343689
0.343553
0.343811
0.344069
0.344327
0.344192
0.344449
0.344706
0.344571
0.344828
0.344693
0.344949
0.344814
0.344679
0.344544
0.34441
0.344275
0.344531
0.344397
0.344653
0.344908
0.344774
0.345029
0.345284
0.34515
0.345016
0.344881
0.344747
0.344613
0.344868
0.345122
0.344988
0.344854
0.34472
0.344587
0.344453
0.344319
0.344186
0.344053
0.343919
0.343786
0.343653
0.343907
0.343774
0.343641
0.343509
0.343762
0.344015
0.344269
0.344136
0.344389
0.344256
0.344123
0.343991
0.344243
0.344111
0.344363
0.344615
0.344867
0.344735
0.344602
0.34447
0.344338
0.344206
0.344074
0.344325
0.344576
0.344444
0.344696
0.344946
0.345197
0.345065
0.344933
0.345183
0.345052
0.34492
0.344788
0.345038
0.344907
0.345156
0.345406
0.345274
0.345143
0.345011
0.345261
0.34551
0.345378
0.345627
0.345496
0.345365
0.345234
0.345103
0.344972
0.34522
0.345089
0.345337
0.345207
0.345455
0.345324
0.345193
0.345062
0.344932
0.344802
0.344671
0.344919
0.344789
0.344658
0.344528
0.344776
0.344646
0.344516
0.344763
0.344633
0.344503
0.344373
0.344244
0.344114
0.344361
0.344607
0.344478
0.344348
0.344219
0.34409
0.343961
0.343832
0.343703
0.343574
0.343446
0.343691
0.343937
0.343808
0.34368
0.343925
0.343797
0.343668
0.34354
0.343412
0.343657
0.343902
0.343773
0.343645
0.343517
0.343389
0.343261
0.343134
0.343378
0.34325
0.343123
0.342995
0.343239
0.343112
0.343356
0.343599
0.343472
0.343344
0.343217
0.343461
0.343333
0.343206
0.343079
0.342952
0.343195
0.343438
0.343311
0.343184
0.343058
0.342931
0.342804
0.343047
0.34292
0.343163
0.343405
0.343278
0.343152
0.343025
0.343267
0.343141
0.343382
0.343256
0.34313
0.343004
0.343245
0.343486
0.34336
0.343234
0.343109
0.342983
0.342857
0.342732
0.342606
0.342481
0.342356
0.34223
0.342471
0.342711
0.342586
0.342461
0.342701
0.342576
0.342815
0.34269
0.342566
0.342805
0.343044
0.34292
0.342795
0.343034
0.342909
0.342784
0.343023
0.343262
0.343137
0.343376
0.343251
0.343489
0.343365
0.343603
0.343841
0.343716
0.343954
0.343829
0.344067
0.343942
0.343818
0.343694
0.343569
0.343806
0.344043
0.34428
0.344156
0.344392
0.344629
0.344505
0.34438
0.344617
0.344492
0.344368
0.344604
0.34484
0.344716
0.344592
0.344828
0.344704
0.344939
0.344815
0.34505
0.345285
0.345161
0.345038
0.344914
0.344791
0.344667
0.344544
0.344778
0.344655
0.344889
0.344766
0.344643
0.344877
0.344754
0.344631
0.344508
0.344385
0.344262
0.344496
0.344729
0.344607
0.344484
0.344361
0.344595
0.344472
0.34435
0.344583
0.34446
0.344338
0.344216
0.344448
0.344326
0.344559
0.344791
0.345023
0.344901
0.345133
0.345011
0.345242
0.34512
0.344998
0.344876
0.344755
0.344986
0.345217
0.345448
0.345679
0.345557
0.345788
0.345666
0.345544
0.345775
0.346005
0.346235
0.346465
0.346343
0.346221
0.346451
0.346681
0.34691
0.346788
0.347018
0.346896
0.346774
0.346653
0.346531
0.34676
0.346639
0.346867
0.346746
0.346625
0.346853
0.346732
0.346611
0.34649
0.346718
0.346946
0.346825
0.347053
0.34728
0.347159
0.347038
0.346917
0.347145
0.347024
0.347251
0.34713
0.34701
0.347237
0.347464
0.347343
0.347569
0.347796
0.348022
0.347901
0.348128
0.348007
0.347886
0.347766
0.347645
0.347871
0.347751
0.347631
0.34751
0.34739
0.347616
0.347496
0.347376
0.347601
0.347826
0.347706
0.347586
0.347466
0.347691
0.347571
0.347796
0.348021
0.347901
0.348125
0.348006
0.34823
0.348454
0.348334
0.348214
0.348095
0.348318
0.348199
0.348422
0.348303
0.348526
0.34875
0.34863
0.348511
0.348734
0.348614
0.348837
0.34906
0.348941
0.348821
0.349044
0.348925
0.349147
0.349028
0.348909
0.34879
0.348671
0.348552
0.348433
0.348315
0.348196
0.348078
0.347959
0.347841
0.348063
0.348284
0.348505
0.348387
0.348608
0.34849
0.348372
0.348593
0.348475
0.348356
0.348577
0.348459
0.34868
0.348562
0.348782
0.349002
0.348884
0.349104
0.348986
0.348869
0.348751
0.348971
0.348853
0.348735
0.348618
0.3485
0.348383
0.348265
0.348148
0.348031
0.34825
0.34847
0.348689
0.348571
0.34879
0.348673
0.348556
0.348439
0.348658
0.348541
0.348759
0.348642
0.348525
0.348744
0.348962
0.348845
0.348728
0.348612
0.348495
0.348378
0.348262
0.34848
0.348363
0.348247
0.348131
0.348015
0.348232
0.348449
0.348333
0.348217
0.348101
0.347985
0.348202
0.348087
0.347971
0.347855
0.347739
0.347624
0.347508
0.347393
0.34761
0.347826
0.348042
0.347927
0.347812
0.347696
0.347913
0.347797
0.348013
0.347898
0.348114
0.347999
0.348214
0.34843
0.348315
0.3482
0.348085
0.34797
0.348185
0.34807
0.348285
0.34817
0.348055
0.34827
0.348155
0.34837
0.348255
0.348141
0.348355
0.34857
0.348784
0.348998
0.348883
0.349097
0.348982
0.348868
0.348753
0.348639
0.348525
0.348738
0.348952
0.348837
0.34905
0.348936
0.349149
0.349035
0.349248
0.349134
0.34902
0.349232
0.349445
0.349657
0.349869
0.350082
0.350294
0.350505
0.350391
0.350277
0.350163
0.350049
0.349935
0.349821
0.349707
0.349593
0.34948
0.349366
0.349253
0.349139
0.349351
0.349237
0.349124
0.349011
0.349222
0.349109
0.348995
0.348882
0.348769
0.348657
0.348867
0.349078
0.348965
0.348852
0.34874
0.34895
0.348837
0.349047
0.348935
0.349145
0.349355
0.349242
0.34913
0.349017
0.348905
0.349114
0.349002
0.34889
0.348777
0.348665
0.348553
0.348441
0.34865
0.348538
0.348426
0.348636
0.348524
0.348733
0.348621
0.34883
0.348718
0.348606
0.348495
0.348703
0.348592
0.34848
0.348369
0.348577
0.348785
0.348674
0.348882
0.34909
0.349298
0.349186
0.349075
0.348963
0.348852
0.34906
0.348948
0.348837
0.348726
0.348615
0.348504
0.348393
0.348282
0.34849
0.348697
0.348586
0.348475
0.348365
0.348571
0.348778
0.348668
0.348874
0.348763
0.348653
0.348859
0.348749
0.348638
0.348845
0.348734
0.348624
0.348514
0.34872
0.348609
0.348499
0.348389
0.348279
0.348169
0.348059
0.34795
0.34784
0.34773
0.347936
0.347826
0.347717
0.347607
0.347812
0.348018
0.347908
0.348113
0.348004
0.347894
0.347785
0.34799
0.348195
0.348085
0.347976
0.348181
0.348071
0.347962
0.348167
0.348371
0.348262
0.348466
0.348357
0.348248
0.348139
0.34803
0.347921
0.347813
0.347704
0.347595
0.347799
0.34769
0.347582
0.347473
0.347365
0.347569
0.34746
0.347352
0.347244
0.347136
0.347028
0.347231
0.347434
0.347326
0.347529
0.347421
0.347623
0.347516
0.347408
0.3473
0.347502
0.347395
0.347597
0.347799
0.348001
0.347893
0.347786
0.347678
0.34788
0.348082
0.347974
0.348176
0.348377
0.348578
0.348471
0.348672
0.348873
0.349074
0.348966
0.348859
0.34906
0.348952
0.348844
0.349045
0.348937
0.34883
0.34903
0.349231
0.349123
0.349016
0.349216
0.349109
0.349002
0.349201
0.349094
0.349294
0.349187
0.34908
0.348973
0.348866
0.348759
0.348652
0.348545
0.348438
0.348638
0.348531
0.348731
0.348624
0.348823
0.348716
0.348915
0.349114
0.349008
0.348901
0.348795
0.348688
0.348582
0.348476
0.348369
0.348568
0.348462
0.34866
0.348554
0.348448
0.348342
0.348236
0.348434
0.348328
0.348526
0.34842
0.348315
0.348209
0.348407
0.348604
0.348802
0.348999
0.348894
0.348788
0.348682
0.348577
0.348774
0.348971
0.349168
0.349062
0.349259
0.349154
0.349048
0.348943
0.348837
0.348732
0.348928
0.348823
0.348718
0.348613
0.348508
0.348704
0.348599
0.348494
0.348389
0.348284
0.348179
0.348075
0.34797
0.347865
0.348061
0.347957
0.347852
0.347748
0.347643
0.347839
0.347735
0.34763
0.347526
0.347422
0.347318
0.347513
0.347709
0.347904
0.348099
0.348294
0.348489
0.348684
0.34858
0.348476
0.34867
0.348865
0.348761
0.348657
0.348553
0.348449
0.348643
0.348837
0.349031
0.348927
0.348823
0.349017
0.348913
0.34881
0.348706
0.348899
0.349093
0.349287
0.34948
0.349376
0.349272
0.349466
0.349362
0.349555
0.349451
0.349644
0.34954
0.349437
0.349333
0.349526
0.349423
0.349319
0.349216
0.349112
0.349305
0.349202
0.349098
0.348995
0.348892
0.348789
0.348686
0.348583
0.34848
0.348378
0.34857
0.348467
0.348364
0.348262
0.348454
0.348645
0.348837
0.348735
0.348926
0.348824
0.349015
0.348912
0.34881
0.348707
0.348605
0.348796
0.348694
0.348592
0.348489
0.348387
0.348285
0.348183
0.348374
0.348272
0.34817
0.348068
0.347966
0.347864
0.347762
0.347953
0.347852
0.34775
0.347648
0.347839
0.348029
0.347928
0.347826
0.347725
0.347623
0.347522
0.347421
0.347319
0.347218
0.347117
0.347016
0.346915
0.346814
0.347004
0.346903
0.347093
0.346992
0.347182
0.347371
0.347271
0.34717
0.347069
0.346968
0.346868
0.347057
0.346957
0.346856
0.347045
0.346945
0.347134
0.347033
0.347222
0.347122
0.347021
0.34721
0.34711
0.34701
0.346909
0.346809
0.346998
0.346898
0.346797
0.346986
0.346886
0.347074
0.346974
0.347162
0.347062
0.346962
0.346862
0.346763
0.346663
0.346851
0.347039
0.346939
0.346839
0.346739
0.34664
0.34654
0.346728
0.346628
0.346529
0.346716
0.346617
0.346518
0.346705
0.346892
0.346793
0.346693
0.346594
0.346495
0.346396
0.346583
0.34677
0.34667
0.346571
0.346758
0.346659
0.34656
0.346461
0.346362
0.346264
0.346165
0.346066
0.346253
0.346439
0.34634
0.346526
0.346428
0.346329
0.34623
0.346132
0.346034
0.345935
0.345837
0.345739
0.345924
0.345826
0.345728
0.34563
0.345816
0.345718
0.345619
0.345522
0.345707
0.345609
0.345794
0.34598
0.346165
0.34635
0.346252
0.346154
0.346339
0.346523
0.346708
0.346893
0.346795
0.346697
0.346599
0.346783
0.346968
0.34687
0.347054
0.346956
0.34714
0.347042
0.346945
0.346847
0.347031
0.346933
0.347117
0.347019
0.346922
0.346824
0.346727
0.346629
0.346532
0.346715
0.346618
0.346521
0.346704
0.346887
0.34707
0.346973
0.346876
0.346779
0.346962
0.346864
0.347047
0.34695
0.346853
0.346756
0.346939
0.347121
0.347304
0.347486
0.347389
0.347292
0.347474
0.347656
0.347559
0.347462
0.347365
0.347269
0.347172
0.347354
0.347257
0.34716
0.347064
0.346967
0.347149
0.347052
0.346956
0.347137
0.347041
0.347222
0.347403
0.347307
0.347211
0.347114
0.347295
0.347199
0.347103
0.347007
0.346911
0.346814
0.346718
0.346899
0.34708
0.346984
0.347165
0.347069
0.347249
0.347153
0.347057
0.346961
0.347142
0.347046
0.34695
0.346854
0.346759
0.346939
0.346843
0.346748
0.346652
0.346556
0.346461
0.346366
0.34627
0.346175
0.34608
0.34626
0.346164
0.346344
0.346249
0.346154
0.346059
0.345964
0.345869
0.346048
0.345953
0.345858
0.346038
0.345943
0.345848
0.345753
0.345933
0.345838
0.346017
0.345922
0.345828
0.345733
0.345639
0.345544
0.34545
0.345355
0.345261
0.34544
0.345345
0.345251
0.34543
0.345608
0.345514
0.34542
0.345326
0.345232
0.34541
0.345588
0.345494
0.3454
0.345306
0.345212
0.345118
0.345024
0.344931
0.344837
0.344743
0.34465
0.344828
0.344734
0.34464
0.344547
0.344725
0.344902
0.34508
0.344986
0.344893
0.34507
0.345248
0.345425
0.345332
0.345238
0.345145
0.345051
0.344958
0.345135
0.345042
0.344949
0.344856
0.345032
0.344939
0.345116
0.345023
0.34493
0.344837
0.344744
0.344921
0.345097
0.345273
0.34545
0.345357
0.345264
0.34544
0.345616
0.345792
0.345699
0.345606
0.345513
0.34542
0.345328
0.345235
0.345142
0.34505
0.344957
0.345133
0.34504
0.344948
0.345123
0.345031
0.345206
0.345382
0.345289
0.345197
0.345104
0.345012
0.345187
0.345362
0.34527
0.345178
0.345353
0.34526
0.345168
0.345343
0.345251
0.345159
0.345333
0.345241
0.345149
0.345057
0.344965
0.344873
0.345048
0.344956
0.344864
0.344773
0.344681
0.344589
0.344498
0.344406
0.34458
0.344754
0.344663
0.344837
0.344745
0.344654
0.344562
0.344471
0.34438
0.344288
0.344197
0.344106
0.344015
0.344189
0.344097
0.344006
0.343915
0.343824
0.343998
0.344171
0.344345
0.344254
0.344163
0.344072
0.344245
0.344418
0.344327
0.344236
0.344146
0.344055
0.344228
0.344401
0.34431
0.344219
0.344128
0.344301
0.344211
0.34412
0.344029
0.343939
0.343849
0.343758
0.343668
0.34384
0.344013
0.344185
0.344094
0.344004
0.343914
0.343824
0.343734
0.343644
0.343553
0.343463
0.343374
0.343284
0.343455
0.343627
0.343537
0.343448
0.343358
0.343529
0.343701
0.343611
0.343521
0.343693
0.343603
0.343513
0.343424
0.343334
0.343245
0.343416
0.343587
0.343758
0.343929
0.34384
0.34401
0.344181
0.344352
0.344262
0.344433
0.344603
0.344514
0.344424
0.344335
0.344505
0.344416
0.344326
0.344237
0.344407
0.344577
0.344488
0.344658
0.344568
0.344738
0.344649
0.34456
0.34447
0.344381
0.344292
0.344462
0.344373
0.344283
0.344194
0.344105
0.344017
0.343928
0.343839
0.34375
0.343661
0.343573
0.343484
0.343395
0.343565
0.343734
0.343645
0.343557
0.343726
0.343637
0.343806
0.343718
0.343887
0.344056
0.343967
0.343879
0.344047
0.344216
0.344127
0.344039
0.343951
0.343862
0.343774
0.343686
0.343854
0.344023
0.343934
0.343846
0.343758
0.34367
0.343582
0.34375
0.343662
0.343574
0.343486
0.343654
0.343822
0.34399
0.343902
0.343814
0.343726
0.343638
0.34355
0.343463
0.343375
0.343287
0.343455
0.343367
0.34328
0.343192
0.343105
0.343272
0.343185
0.343097
0.34301
0.343177
0.34309
0.343257
0.343424
0.343591
0.343758
0.343671
0.343583
0.34375
0.343663
0.343829
0.343742
0.343655
0.343568
0.34348
0.343393
0.34356
0.343473
0.343386
0.343552
0.343718
0.343631
0.343544
0.34371
0.343877
0.34379
0.343955
0.344121
0.344287
0.3442
0.344366
0.344279
0.344192
0.344105
0.344018
0.343931
0.344097
0.34401
0.343923
0.344089
0.344254
0.344167
0.344081
0.343994
0.344159
0.344072
0.343986
0.344151
0.344316
0.344229
0.344394
0.344308
0.344472
0.344386
0.34455
0.344715
0.34488
0.345044
0.344957
0.344871
0.345035
0.344949
0.345113
0.345026
0.34519
0.345104
0.345268
0.345432
0.345596
0.345509
0.345423
0.345336
0.3455
0.345414
0.345327
0.345491
0.345654
0.345568
0.345731
0.345645
0.345808
0.345722
0.345885
0.345799
0.345713
0.345627
0.345541
0.345704
0.345867
0.34578
0.345943
0.345857
0.34602
0.346183
0.346345
0.346259
0.346421
0.346335
0.346498
0.34666
0.346574
0.346488
0.34665
0.346564
0.346478
0.346392
0.346306
0.346221
0.346135
0.346049
0.345963
0.345878
0.345792
0.345707
0.345621
0.345535
0.345697
0.345859
0.345774
0.345688
0.345603
0.345517
0.345432
0.345347
0.345262
0.345176
0.345091
0.345006
0.344921
0.344836
0.344751
0.344666
0.344828
0.344989
0.344904
0.344819
0.34498
0.345141
0.345057
0.344972
0.345133
0.345048
0.344963
0.344878
0.345039
0.344955
0.34487
0.344785
0.344946
0.344861
0.344777
0.344937
0.345098
0.345013
0.345174
0.345089
0.34525
0.345165
0.345325
0.345486
0.345401
0.345317
0.345232
0.345148
0.345308
0.345468
0.345383
0.345299
0.345459
0.345375
0.34529
0.345206
0.345366
0.345525
0.345685
0.345601
0.345517
0.345676
0.345592
0.345508
0.345424
0.345583
0.345499
0.345415
0.345331
0.34549
0.345406
0.345322
0.345238
0.345154
0.34507
0.344987
0.345146
0.345062
0.344978
0.344894
0.344811
0.344727
0.344644
0.34456
0.344477
0.344636
0.344552
0.344469
0.344627
0.344544
0.344702
0.344861
0.344778
0.344936
0.345094
0.345011
0.345169
0.345086
0.345002
0.344919
0.344836
0.344994
0.344911
0.344828
0.344986
0.344902
0.344819
0.344736
0.344653
0.34457
0.344487
0.344404
0.344321
0.344239
0.344396
0.344554
0.344712
0.344629
0.344786
0.344703
0.344621
0.344538
0.344455
0.344372
0.34429
0.344207
0.344125
0.344042
0.34396
0.344117
0.344274
0.344192
0.344109
0.344027
0.343944
0.344101
0.344019
0.343937
0.343855
0.343772
0.343929
0.344086
0.344004
0.34416
0.344317
0.344235
0.344153
0.344071
0.343989
0.343907
0.344063
0.344219
0.344376
0.344294
0.344212
0.344368
0.344286
0.344204
0.34436
0.344278
0.344434
0.344352
0.34427
0.344188
0.344106
0.344262
0.344181
0.344099
0.344017
0.343935
0.343854
0.343772
0.343691
0.343846
0.344002
0.34392
0.344076
0.343994
0.34415
0.344305
0.344223
0.344142
0.344297
0.344452
0.344607
0.344526
0.344444
0.344599
0.344518
0.344437
0.344355
0.344274
0.344193
0.344111
0.344266
0.344185
0.344104
0.344023
0.343942
0.34386
0.343779
0.343698
0.343618
0.343537
0.343456
0.34361
0.343529
0.343684
0.343603
0.343757
0.343677
0.343831
0.343985
0.344139
0.344058
0.343977
0.344131
0.344285
0.344205
0.344358
0.344512
0.344431
0.344351
0.34427
0.344424
0.344343
0.344496
0.344416
0.344569
0.344489
0.344642
0.344795
0.344715
0.344634
0.344554
0.344707
0.34486
0.344779
0.344699
0.344852
0.344771
0.344924
0.345077
0.344997
0.345149
0.345069
0.344988
0.344908
0.344828
0.344747
0.344667
0.344587
0.344739
0.344659
0.344812
0.344731
0.344884
0.344804
0.344723
0.344876
0.344796
0.344715
0.344635
0.344555
0.344708
0.344628
0.344548
0.3447
0.34462
0.344772
0.344923
0.345075
0.344995
0.345147
0.345067
0.344987
0.344907
0.344828
0.344748
0.344668
0.344588
0.34474
0.34466
0.344812
0.344732
0.344652
0.344573
0.344493
0.344414
0.344334
0.344255
0.344175
0.344096
0.344017
0.343937
0.344088
0.34424
0.34416
0.344081
0.344002
0.343923
0.343843
0.343764
0.343685
0.343606
0.343757
0.343908
0.344059
0.34398
0.34413
0.344051
0.343972
0.343893
0.344044
0.343965
0.343886
0.343807
0.343729
0.343879
0.3438
0.343721
0.343872
0.343793
0.343714
0.343864
0.343786
0.343707
0.343628
0.343779
0.3437
0.343621
0.343771
0.343693
0.343614
0.343536
0.343457
0.343379
0.343301
0.343222
0.343144
0.343066
0.342987
0.342909
0.342831
0.342753
0.342675
0.342597
0.342747
0.342896
0.342818
0.342968
0.343117
0.343039
0.343189
0.343111
0.343033
0.343182
0.343331
0.343253
0.343175
0.343097
0.343019
0.343168
0.343091
0.34324
0.343162
0.343084
0.343233
0.343382
0.34353
0.343679
0.343828
0.34375
0.343672
0.343594
0.343517
0.343439
0.343361
0.343284
0.343206
0.343128
0.343277
0.343199
0.343122
0.343044
0.343193
0.343341
0.343489
0.343412
0.343334
0.343257
0.343405
0.343553
0.343701
0.343623
0.343771
0.343919
0.343841
0.343764
0.343912
0.343834
0.343757
0.34368
0.343602
0.343525
0.343448
0.343371
0.343294
0.343217
0.343139
0.343062
0.342985
0.342908
0.343056
0.342979
0.342902
0.343049
0.343197
0.343344
0.343267
0.34319
0.343113
0.343036
0.342959
0.342883
0.342806
0.342729
0.342653
0.342576
0.342499
0.342646
0.34257
0.342493
0.34264
0.342564
0.342487
0.342411
0.342557
0.342704
0.342628
0.342551
0.342698
0.342621
0.342768
0.342914
0.343061
0.342984
0.342908
0.342832
0.342755
0.342902
0.343048
0.342972
0.342895
0.343041
0.343187
0.343333
0.343479
0.343403
0.343327
0.343472
0.343618
0.343764
0.343688
0.343611
0.343535
0.343459
0.343383
0.343307
0.343231
0.343155
0.343079
0.343003
0.342927
0.342851
0.342775
0.342699
0.342623
0.342769
0.342693
0.342617
0.342762
0.342687
0.342611
0.342756
0.342681
0.342826
0.342971
0.342895
0.342819
0.342744
0.342889
0.342813
0.342737
0.342662
0.342586
0.342731
0.342656
0.34258
0.342725
0.34287
0.342794
0.342719
0.342863
0.342788
0.342713
0.342637
0.342562
0.342707
0.342631
0.342776
0.3427
0.342625
0.34255
0.342694
0.342619
0.342544
0.342688
0.342613
0.342757
0.342682
0.342826
0.342751
0.342676
0.342601
0.342526
0.34267
0.342813
0.342738
0.342663
0.342589
0.342732
0.342657
0.342801
0.342726
0.34287
0.342795
0.342938
0.343082
0.343225
0.34315
0.343075
0.343
0.342926
0.342851
0.342994
0.343137
0.34328
0.343423
0.343349
0.343274
0.343199
0.343342
0.343485
0.343628
0.343553
0.343696
0.343838
0.343764
0.343689
0.343614
0.343757
0.343899
0.343825
0.34375
0.343892
0.344035
0.344177
0.344319
0.344461
0.344603
0.344529
0.344454
0.344379
0.344521
0.344663
0.344805
0.344947
0.345089
0.345014
0.345156
0.345297
0.345439
0.34558
0.345506
0.345431
0.345356
0.345282
0.345207
0.345133
0.345058
0.344984
0.344909
0.344835
0.344761
0.344902
0.344828
0.344753
0.344679
0.34482
0.344746
0.344672
0.344813
0.344739
0.344664
0.344805
0.344946
0.345087
0.345228
0.345154
0.34508
0.34522
0.345146
0.345287
0.345427
0.345568
0.345708
0.345634
0.34556
0.345486
0.345412
0.345338
0.345478
0.345404
0.34533
0.34547
0.34561
0.345536
0.345462
0.345388
0.345528
0.345455
0.345381
0.345307
0.345447
0.345587
0.345726
0.345653
0.345792
0.345719
0.345858
0.345998
0.346137
0.346064
0.34599
0.345916
0.345842
0.345768
0.345695
0.345621
0.345547
0.345474
0.345613
0.345753
0.345679
0.345605
0.345532
0.345458
0.345385
0.345524
0.345663
0.345802
0.345941
0.345868
0.345794
0.345721
0.345648
0.345574
0.345713
0.34564
0.345779
0.345705
0.345632
0.345559
0.345697
0.345624
0.345551
0.345478
0.345616
0.345543
0.34547
0.345397
0.345535
0.345462
0.345389
0.345528
0.345455
0.345382
0.345309
0.345236
0.345163
0.34509
0.345017
0.344944
0.344871
0.344798
0.344937
0.344864
0.345002
0.34514
0.345278
0.345205
0.345343
0.345271
0.345198
0.345336
0.345263
0.34519
0.345118
0.345045
0.344973
0.3449
0.344828
0.344755
0.344893
0.34482
0.344748
0.344886
0.344813
0.344951
0.345088
0.345226
0.345153
0.345081
0.345008
0.344936
0.344864
0.344791
0.344719
0.344647
0.344575
0.344712
0.34464
0.344777
0.344705
0.344633
0.344561
0.344698
0.344626
0.344554
0.344482
0.344619
0.344756
0.344892
0.34482
0.344748
0.344676
0.344604
0.344533
0.344669
0.344597
0.344734
0.344662
0.34459
0.344727
0.344864
0.345
0.345136
0.345273
0.345201
0.345129
0.345057
0.344985
0.344914
0.34505
0.344978
0.345114
0.34525
0.345179
0.345107
0.345035
0.344964
0.3451
0.345236
0.345164
0.345092
0.345228
0.345364
0.3455
0.345428
0.345564
0.345492
0.345421
0.345349
0.345278
0.345413
0.345342
0.345477
0.345406
0.345541
0.34547
0.345398
0.345327
0.345255
0.345184
0.345113
0.345041
0.34497
0.345105
0.345241
0.345169
0.345098
0.345027
0.344956
0.345091
0.345226
0.345361
0.34529
0.345218
0.345353
0.345282
0.345211
0.34514
0.345275
0.345204
0.345339
0.345473
0.345608
0.345537
0.345671
0.3456
0.345735
0.345869
0.346004
0.345933
0.345862
0.345996
0.34613
0.346264
0.346399
0.346327
0.346256
0.34639
0.346319
0.346248
0.346382
0.346516
0.346445
0.346579
0.346508
0.346642
0.346776
0.346705
0.346839
0.346768
0.346901
0.34683
0.346759
0.346688
0.346618
0.346751
0.34668
0.346609
0.346743
0.346876
0.346805
0.346735
0.346664
0.346797
0.346727
0.346656
0.346585
0.346718
0.346851
0.346985
0.346914
0.347047
0.346976
0.346906
0.347038
0.346968
0.346897
0.346827
0.34696
0.346889
0.347022
0.346951
0.347084
0.347013
0.346943
0.346872
0.346802
0.346935
0.347067
0.3472
0.347129
0.347059
0.346988
0.346918
0.346848
0.346777
0.346707
0.34684
0.346769
0.346699
0.346831
0.346761
0.346691
0.346621
0.346551
0.346683
0.346815
0.346745
0.346675
0.346807
0.346737
0.346869
0.346799
0.346729
0.346659
0.34679
0.346922
0.346852
0.346984
0.346914
0.347046
0.347177
0.347309
0.347441
0.347572
0.347703
0.347835
0.347765
0.347695
0.347625
0.347555
0.347485
0.347616
0.347546
0.347677
0.347608
0.347538
0.347468
0.347599
0.347529
0.34766
0.34759
0.347521
0.347451
0.347381
0.347311
0.347442
0.347573
0.347704
0.347634
0.347565
0.347495
0.347626
0.347556
0.347687
0.347617
0.347548
0.347678
0.347609
0.347539
0.34747
0.3474
0.347331
0.347461
0.347392
0.347322
0.347253
0.347183
0.347114
0.347045
0.346975
0.347106
0.347037
0.347167
0.347297
0.347427
0.347358
0.347488
0.347618
0.347549
0.34748
0.34761
0.34754
0.347471
0.347402
0.347333
0.347264
0.347195
0.347126
0.347056
0.347186
0.347117
0.347048
0.346979
0.347109
0.34704
0.34717
0.347101
0.347032
0.346963
0.346894
0.347024
0.346955
0.346886
0.347016
0.346947
0.346878
0.346809
0.346741
0.346672
0.346603
0.346535
0.346466
0.346397
0.346329
0.34626
0.346192
0.346123
0.346253
0.346184
0.346314
0.346443
0.346572
0.346503
0.346435
0.346366
0.346298
0.34623
0.346161
0.34629
0.346222
0.346351
0.346283
0.346215
0.346343
0.346275
0.346404
0.346533
0.346661
0.346593
0.346525
0.346457
0.346585
0.346517
0.346449
0.346381
0.346313
0.346245
0.346177
0.346305
0.346237
0.346169
0.346101
0.346033
0.345965
0.345897
0.345829
0.345761
0.345694
0.345822
0.345754
0.345882
0.345815
0.345943
0.345875
0.345807
0.345935
0.346063
0.346191
0.346124
0.346252
0.346184
0.346312
0.346244
0.346372
0.346304
0.346237
0.346169
0.346101
0.346229
0.346161
0.346289
0.346417
0.346349
0.346281
0.346214
0.346146
0.346079
0.346011
0.346139
0.346071
0.346004
0.346131
0.346259
0.346191
0.346124
0.346056
0.345989
0.345922
0.345854
0.345982
0.346109
0.346042
0.345974
0.345907
0.34584
0.345967
0.3459
0.345833
0.345765
0.345698
0.345631
0.345564
0.345497
0.34543
0.345363
0.345296
0.345229
0.345356
0.345483
0.345416
0.345349
0.345282
0.345215
0.345342
0.345275
0.345208
0.345141
0.345268
0.345201
0.345328
0.345261
0.345388
0.345321
0.345448
0.345381
0.345507
0.345441
0.345374
0.345307
0.345433
0.345367
0.345493
0.345619
0.345553
0.345679
0.345612
0.345739
0.345865
0.345991
0.345924
0.34605
0.346176
0.346302
0.346235
0.346361
0.346487
0.346613
0.346739
0.346864
0.346797
0.346731
0.346856
0.346982
0.346915
0.347041
0.346974
0.3471
0.347225
0.347158
0.347092
0.347025
0.346958
0.346892
0.346825
0.346759
0.346692
0.346626
0.346751
0.346685
0.346618
0.346552
0.346677
0.34661
0.346736
0.346861
0.346794
0.346728
0.346662
0.346787
0.346911
0.346845
0.34697
0.347095
0.347028
0.346962
0.346896
0.347021
0.346954
0.347079
0.347013
0.346947
0.34688
0.346814
0.346939
0.347063
0.346997
0.347122
0.347055
0.346989
0.346923
0.346857
0.346791
0.346725
0.346659
0.346593
0.346527
0.346461
0.346586
0.34652
0.346454
0.346388
0.346322
0.346256
0.34638
0.346505
0.346439
0.346563
0.346497
0.346621
0.346555
0.34649
0.346614
0.346737
0.346672
0.346796
0.34673
0.346664
0.346788
0.346912
0.347035
0.34697
0.346904
0.346838
0.346773
0.346707
0.346831
0.346765
0.346889
0.346823
0.346946
0.346881
0.347004
0.346939
0.346873
0.346997
0.346931
0.346866
0.3468
0.346735
0.346669
0.346604
0.346538
0.346473
0.346408
0.346342
0.346466
0.3464
0.346523
0.346458
0.346393
0.346328
0.346262
0.346197
0.346132
0.346255
0.34619
0.346125
0.34606
0.345995
0.34593
0.346053
0.346176
0.346298
0.346233
0.346168
0.346291
0.346414
0.346349
0.346284
0.346219
0.346341
0.346276
0.346399
0.346334
0.346457
0.346392
0.346327
0.346449
0.346384
0.34632
0.346255
0.34619
0.346312
0.346435
0.34637
0.346305
0.34624
0.346362
0.346298
0.34642
0.346355
0.346477
0.346413
0.346348
0.34647
0.346405
0.346341
0.346276
0.346211
0.346147
0.346082
0.346018
0.345953
0.345888
0.34601
0.345946
0.346068
0.346003
0.345939
0.345874
0.345996
0.346118
0.346054
0.346175
0.346111
0.346047
0.346168
0.34629
0.346225
0.346161
0.346097
0.346032
0.345968
0.345904
0.34584
0.345775
0.345711
0.345833
0.345768
0.34589
0.345826
0.345761
0.345697
0.345819
0.345755
0.34569
0.345812
0.345748
0.345869
0.345805
0.345741
0.345677
0.345613
0.345549
0.34567
0.345606
0.345542
0.345663
0.345784
0.34572
0.345841
0.345962
0.345898
0.346019
0.34614
0.346076
0.346012
0.346133
0.346069
0.346189
0.346125
0.346062
0.346182
0.346118
0.346239
0.346175
0.346111
0.346048
0.346168
0.346288
0.346225
0.346161
0.346097
0.346034
0.34597
0.34609
0.34621
0.346147
0.346267
0.346203
0.34614
0.346076
0.346013
0.345949
0.346069
0.346189
0.346309
0.346246
0.346182
0.346119
0.346239
0.346358
0.346295
0.346231
0.346168
0.346105
0.346224
0.346344
0.346464
0.3464
0.34652
0.34664
0.346759
0.346879
0.346816
0.346935
0.347055
0.346991
0.346928
0.347047
0.346984
0.34692
0.346857
0.346793
0.34673
0.346667
0.346786
0.346723
0.346842
0.346779
0.346898
0.347017
0.346954
0.347073
0.347009
0.346946
0.346883
0.34682
0.346757
0.346876
0.346812
0.346931
0.34705
0.346987
0.346924
0.346861
0.34698
0.346916
0.346853
0.34679
0.346727
0.346664
0.346601
0.346538
0.346657
0.346594
0.346531
0.34665
0.346768
0.346705
0.346824
0.346761
0.34688
0.346817
0.346754
0.346691
0.346628
0.346565
0.346684
0.346621
0.346739
0.346676
0.346614
0.346732
0.346669
0.346606
0.346725
0.346662
0.346599
0.346536
0.346655
0.346773
0.34671
0.346828
0.346765
0.346703
0.34664
0.346758
0.346696
0.346813
0.346751
0.346688
0.346626
0.346563
0.346501
0.346438
0.346556
0.346494
0.346431
0.346549
0.346486
0.346604
0.346722
0.34684
0.346777
0.346715
0.346832
0.34677
0.346707
0.346645
0.346583
0.34652
0.346458
0.346396
0.346513
0.346451
0.346568
0.346686
0.346803
0.346741
0.346679
0.346616
0.346554
0.346671
0.346789
0.346726
0.346664
0.346781
0.346719
0.346836
0.346953
0.34707
0.347008
0.347125
0.347063
0.347001
0.347118
0.347056
0.346994
0.346931
0.346869
0.346807
0.346745
0.346683
0.346621
0.346559
0.346498
0.346436
0.346374
0.34649
0.346607
0.346545
0.346483
0.346422
0.346538
0.346655
0.346771
0.346709
0.346648
0.346586
0.346524
0.346462
0.346579
0.346517
0.346633
0.34675
0.346866
0.346804
0.346743
0.346681
0.346619
0.346558
0.346496
0.346434
0.346373
0.346311
0.34625
0.346188
0.346304
0.346243
0.346181
0.34612
0.346236
0.346352
0.346468
0.346584
0.346522
0.346461
0.346399
0.346338
0.346454
0.346392
0.346508
0.346624
0.34674
0.346678
0.346617
0.346733
0.346671
0.346787
0.346726
0.346664
0.346603
0.346542
0.34648
0.346419
0.346358
0.346297
0.346235
0.346351
0.34629
0.346229
0.346167
0.346106
0.346045
0.346161
0.346276
0.346215
0.346154
0.346093
0.346032
0.346147
0.346086
0.346025
0.345964
0.345903
0.345842
0.345781
0.34572
0.345836
0.345775
0.345714
0.345829
0.345768
0.345707
0.345822
0.345762
0.345701
0.345816
0.345755
0.345694
0.345809
0.345748
0.345688
0.345627
0.345742
0.345681
0.345621
0.345735
0.34585
0.345789
0.345904
0.345844
0.345958
0.345898
0.346012
0.345952
0.346066
0.346006
0.345945
0.345884
0.345824
0.345938
0.345878
0.345817
0.345757
0.345696
0.345636
0.345575
0.345515
0.345455
0.345394
0.345334
0.345273
0.345213
0.345153
0.345093
0.345207
0.345147
0.345086
0.345026
0.344966
0.34508
0.34502
0.345134
0.345074
0.345014
0.344954
0.344894
0.344834
0.344774
0.344888
0.344828
0.344768
0.344708
0.344648
0.344588
0.344702
0.344642
0.344582
0.344522
0.344636
0.344576
0.34469
0.344804
0.344917
0.344858
0.344798
0.344738
0.344678
0.344792
0.344732
0.344672
0.344612
0.344552
0.344493
0.344433
0.344373
0.344313
0.344254
0.344194
0.344308
0.344248
0.344188
0.344302
0.344416
0.344356
0.344296
0.344237
0.34435
0.344291
0.344231
0.344345
0.344458
0.344398
0.344339
0.344279
0.34422
0.34416
0.344274
0.344214
0.344155
0.344095
0.344209
0.344149
0.34409
0.34403
0.343971
0.343912
0.343852
0.343966
0.343906
0.344019
0.344132
0.344073
0.344014
0.343955
0.343895
0.344008
0.343949
0.34389
0.343831
0.343772
0.343712
0.343825
0.343766
0.343707
0.343648
0.343761
0.343702
0.343814
0.343755
0.343696
0.343637
0.343578
0.343519
0.34346
0.343573
0.343686
0.343627
0.343739
0.34368
0.343621
0.343562
0.343504
0.343445
0.343557
0.34367
0.343611
0.343552
0.343664
0.343606
0.343718
0.34383
0.343942
0.344055
0.343996
0.344108
0.34422
0.344161
0.344103
0.344044
0.344156
0.344097
0.344038
0.34415
0.344092
0.344204
0.344315
0.344257
0.344198
0.34431
0.344422
0.344534
0.344475
0.344416
0.344357
0.344299
0.34424
0.344181
0.344293
0.344234
0.344176
0.344117
0.344059
0.344
0.343941
0.344053
0.344165
0.344106
0.344048
0.343989
0.343931
0.343872
0.343814
0.343755
0.343697
0.343808
0.34375
0.343861
0.343973
0.343914
0.343856
0.343798
0.343739
0.343851
0.343792
0.343734
0.343676
0.343618
0.343729
0.343671
0.343612
0.343554
0.343496
0.343438
0.34338
0.343321
0.343263
0.343375
0.343316
0.343258
0.343369
0.343311
0.343253
0.343195
0.343137
0.343079
0.343021
0.343132
0.343074
0.343185
0.343127
0.343238
0.34318
0.343122
0.343233
0.343344
0.343455
0.343566
0.343508
0.34345
0.343392
0.343334
0.343445
0.343387
0.343329
0.343271
0.343213
0.343324
0.343434
0.343377
0.343319
0.343261
0.343203
0.343314
0.343424
0.343535
0.343477
0.343419
0.343361
0.343304
0.343246
0.343188
0.343131
0.343073
0.343015
0.343126
0.343068
0.343011
0.342953
0.342895
0.342838
0.342948
0.342891
0.343001
0.343111
0.343221
0.343164
0.343106
0.343049
0.343159
0.343269
0.343211
0.343321
0.343431
0.343374
0.343483
0.343593
0.343703
0.343645
0.343755
0.343865
0.343807
0.34375
0.343693
0.343635
0.343745
0.343687
0.34363
0.34374
0.343849
0.343792
0.343901
0.344011
0.34412
0.344063
0.344005
0.343948
0.343891
0.344
0.343943
0.343885
0.343828
0.343937
0.34388
0.343823
0.343766
0.343708
0.343651
0.34376
0.343703
0.343812
0.343922
0.344031
0.343973
0.343916
0.344025
0.344134
0.344243
0.344186
0.344129
0.344238
0.344347
0.34429
0.344398
0.344341
0.344284
0.344227
0.344336
0.344279
0.344387
0.34433
0.344273
0.344216
0.344159
0.344102
0.344045
0.343988
0.344097
0.344205
0.344314
0.344257
0.344365
0.344308
0.344251
0.344195
0.344303
0.344246
0.344189
0.344132
0.344075
0.344019
0.343962
0.343905
0.343848
0.343956
0.3439
0.343843
0.343786
0.343729
0.343673
0.343781
0.343724
0.343668
0.343611
0.343554
0.343498
0.343441
0.343384
0.343328
0.343436
0.343379
0.343323
0.343266
0.343374
0.343483
0.343591
0.343534
0.343478
0.343586
0.343529
0.343473
0.34358
0.343524
0.343468
0.343575
0.343683
0.343627
0.343735
0.343842
0.34395
0.343894
0.344001
0.343945
0.343888
0.343832
0.343776
0.343719
0.343663
0.343607
0.34355
0.343494
0.343601
0.343545
0.343653
0.34376
0.343868
0.343975
0.344083
0.34419
0.344134
0.344077
0.344185
0.344128
0.344235
0.344343
0.344286
0.344394
0.344337
0.344281
0.344225
0.344169
0.344276
0.344383
0.34449
0.344434
0.344541
0.344648
0.344591
0.344535
0.344479
0.344586
0.34453
0.344473
0.344417
0.344524
0.344631
0.344575
0.344682
0.344625
0.344732
0.344676
0.34462
0.344564
0.34467
0.344614
0.344558
0.344665
0.344772
0.344715
0.344659
0.344603
0.344547
0.344491
0.344435
0.344379
0.344324
0.34443
0.344374
0.344318
0.344425
0.344369
0.344313
0.344257
0.344201
0.344145
0.34409
0.344034
0.343978
0.343922
0.344029
0.343973
0.343917
0.343861
0.343806
0.343912
0.344018
0.344124
0.344069
0.344175
0.344119
0.344225
0.344331
0.344276
0.34422
0.344164
0.344109
0.344215
0.344321
0.344426
0.344532
0.344477
0.344421
0.344366
0.34431
0.344254
0.344199
0.344305
0.344249
0.344194
0.344299
0.344405
0.34435
0.344294
0.344239
0.344344
0.344289
0.344233
0.344178
0.344283
0.344228
0.344173
0.344117
0.344062
0.344167
0.344112
0.344217
0.344162
0.344107
0.344212
0.344157
0.344102
0.344046
0.343991
0.343936
0.343881
0.343825
0.34377
0.343715
0.34382
0.343926
0.344031
0.344136
0.344241
0.344186
0.344131
0.344236
0.344341
0.344286
0.344231
0.344176
0.34412
0.344226
0.344331
0.344436
0.34438
0.344325
0.34443
0.344375
0.34432
0.344425
0.34437
0.344315
0.34426
0.344364
0.344309
0.344254
0.344199
0.344304
0.344249
0.344194
0.344299
0.344244
0.344189
0.344134
0.344079
0.344184
0.344288
0.344234
0.344338
0.344283
0.344228
0.344173
0.344278
0.344223
0.344328
0.344273
0.344218
0.344163
0.344108
0.344213
0.344317
0.344421
0.344526
0.344471
0.344575
0.34452
0.344466
0.344411
0.344356
0.344301
0.344247
0.344351
0.344296
0.344241
0.344346
0.344291
0.344236
0.34434
0.344444
0.34439
0.344335
0.344439
0.344385
0.34433
0.344434
0.344538
0.344483
0.344429
0.344532
0.344478
0.344423
0.344369
0.344473
0.344418
0.344522
0.344626
0.344571
0.344675
0.34462
0.344724
0.344669
0.344773
0.344719
0.344822
0.344926
0.344871
0.344817
0.344762
0.344866
0.344811
0.344757
0.34486
0.344806
0.344751
0.344697
0.3448
0.344746
0.344849
0.344953
0.344898
0.344844
0.34479
0.344735
0.344838
0.344942
0.345045
0.345148
0.345094
0.345039
0.344985
0.344931
0.345034
0.345137
0.345083
0.345186
0.345289
0.345234
0.34518
0.345126
0.345229
0.345174
0.34512
0.345223
0.345169
0.345115
0.345218
0.345163
0.345109
0.345055
0.345001
0.345104
0.345049
0.345152
0.345098
0.345044
0.345147
0.345249
0.345195
0.345298
0.345244
0.34519
0.345136
0.345238
0.345341
0.345443
0.345546
0.345492
0.345594
0.34554
0.345642
0.345588
0.345534
0.345637
0.345582
0.345685
0.345631
0.345733
0.345679
0.345625
0.345571
0.345517
0.345463
0.345409
0.345355
0.345301
0.345247
0.345194
0.34514
0.345086
0.345032
0.345134
0.34508
0.345026
0.344973
0.345075
0.345177
0.345279
0.345225
0.345171
0.345118
0.345064
0.345166
0.345112
0.345058
0.345005
0.344951
0.344897
0.344999
0.344946
0.344892
0.344838
0.34494
0.344887
0.344833
0.344779
0.344726
0.344672
0.344774
0.34472
0.344667
0.344769
0.344715
0.344817
0.344763
0.34471
0.344656
0.344603
0.344705
0.344651
0.344753
0.344699
0.344646
0.344593
0.344539
0.344641
0.344587
0.344534
0.344481
0.344582
0.344529
0.344475
0.344422
0.344369
0.344316
0.344262
0.344364
0.34431
0.344412
0.344513
0.34446
0.344561
0.344662
0.344609
0.344556
0.344657
0.344604
0.344551
0.344652
0.344753
0.3447
0.344647
0.344748
0.344695
0.344641
0.344743
0.344689
0.344636
0.344583
0.34453
0.344477
0.344424
0.344371
0.344318
0.344265
0.344212
0.344159
0.34426
0.344207
0.344154
0.344101
0.344048
0.343995
0.343942
0.343889
0.343836
0.343937
0.344038
0.343985
0.343932
0.34388
0.343827
0.343774
0.343875
0.343822
0.343769
0.343716
0.343817
0.343918
0.344018
0.344119
0.34422
0.344167
0.344267
0.344368
0.344315
0.344416
0.344363
0.34431
0.344257
0.344205
0.344305
0.344252
0.344353
0.3443
0.3444
0.344348
0.344295
0.344242
0.34419
0.344137
0.344084
0.344185
0.344132
0.344079
0.344027
0.343974
0.343922
0.343869
0.343817
0.343917
0.343864
0.343812
0.34376
0.34386
0.343807
0.343907
0.343855
0.343955
0.344055
0.344002
0.344102
0.34405
0.34415
0.344097
0.344045
0.343993
0.344093
0.34404
0.34414
0.34424
0.34434
0.344287
0.344235
0.344183
0.34413
0.344078
0.344026
0.344125
0.344225
0.344325
0.344272
0.344372
0.34432
0.344419
0.344367
0.344466
0.344414
0.344362
0.34431
0.344257
0.344205
0.344305
0.344252
0.3442
0.3443
0.344247
0.344347
0.344295
0.344242
0.34419
0.344138
0.344086
0.344034
0.343982
0.34393
0.343878
0.343977
0.344076
0.344024
0.343972
0.34392
0.344019
0.344119
0.344067
0.344014
0.343963
0.344062
0.34401
0.343958
0.343906
0.344005
0.343953
0.344052
0.344
0.344099
0.344198
0.344297
0.344245
0.344344
0.344443
0.344391
0.344339
0.344438
0.344537
0.344635
0.344734
0.344833
0.344781
0.344729
0.344677
0.344776
0.344874
0.344822
0.34477
0.344719
0.344817
0.344916
0.344864
0.344812
0.344911
0.345009
0.344957
0.344905
0.344853
0.344802
0.34475
0.344848
0.344797
0.344895
0.344993
0.345092
0.34504
0.344988
0.344936
0.345035
0.344983
0.344931
0.344879
0.344828
0.344776
0.344724
0.344822
0.344921
0.345019
0.344967
0.345065
0.345163
0.345112
0.34521
0.345308
0.345256
0.345354
0.345302
0.345251
0.345199
0.345147
0.345096
0.345194
0.345291
0.34524
0.345188
0.345286
0.345235
0.345183
0.345131
0.345229
0.345178
0.345126
0.345075
0.345023
0.345121
0.345219
0.345316
0.345414
0.345362
0.34546
0.345408
0.345357
0.345306
0.345254
0.345203
0.3453
0.345249
0.345346
0.345295
0.345392
0.345341
0.345289
0.345387
0.345336
0.345433
0.345382
0.345479
0.345428
0.345376
0.345473
0.345422
0.345371
0.345319
0.345268
0.345365
0.345463
0.34556
0.345509
0.345606
0.345554
0.345503
0.3456
0.345549
0.345646
0.345743
0.34584
0.345937
0.345886
0.345835
0.345783
0.345732
0.345681
0.345778
0.345727
0.345675
0.345772
0.345721
0.34567
0.345619
0.345568
0.345516
0.345465
0.345562
0.345511
0.345608
0.345557
0.345653
0.345602
0.345699
0.345648
0.345597
0.345694
0.345643
0.345739
0.345836
0.345932
0.345881
0.345978
0.346074
0.346023
0.345972
0.345921
0.34587
0.345819
0.345768
0.345717
0.345666
0.345763
0.345712
0.345808
0.345905
0.346001
0.34595
0.346046
0.345995
0.346092
0.346041
0.34599
0.345939
0.346035
0.345984
0.34608
0.346176
0.346273
0.346369
0.346318
0.346267
0.346216
0.346165
0.346114
0.346063
0.346159
0.346109
0.346058
0.346007
0.346103
0.346052
0.346001
0.345951
0.346047
0.345996
0.345945
0.346041
0.346137
0.346086
0.346035
0.346131
0.346081
0.346176
0.346272
0.346221
0.346317
0.346266
0.346362
0.346311
0.346261
0.346356
0.346306
0.346255
0.346204
0.346154
0.346103
0.346053
0.346148
0.346244
0.346193
0.346143
0.346092
0.346188
0.346283
0.346232
0.346182
0.346131
0.346227
0.346176
0.346272
0.346221
0.346171
0.34612
0.34607
0.346019
0.345969
0.345918
0.345868
0.345818
0.345913
0.345862
0.345812
0.345907
0.346003
0.345952
0.346047
0.345997
0.345947
0.345896
0.345846
0.345796
0.345891
0.345841
0.34579
0.34574
0.34569
0.34564
0.345735
0.345684
0.345779
0.345874
0.345969
0.345919
0.346014
0.345964
0.345914
0.346009
0.345959
0.346053
0.346148
0.346098
0.346048
0.345998
0.345948
0.345897
0.345847
0.345942
0.345892
0.345842
0.345792
0.345886
0.345836
0.345931
0.345881
0.345831
0.345926
0.34602
0.346115
0.346209
0.346159
0.346254
0.346204
0.346298
0.346248
0.346198
0.346148
0.346098
0.346193
0.346287
0.346382
0.346332
0.346282
0.346232
0.346182
0.346132
0.346082
0.346176
0.346126
0.346076
0.346026
0.345976
0.345926
0.346021
0.345971
0.345921
0.345871
0.345821
0.345771
0.345722
0.345672
0.345622
0.345572
0.345667
0.345761
0.345711
0.345661
0.345755
0.345706
0.345656
0.345606
0.345557
0.345651
0.345745
0.345695
0.345645
0.345739
0.34569
0.34564
0.34559
0.345684
0.345778
0.345729
0.345679
0.345773
0.345867
0.345961
0.345911
0.345861
0.345955
0.345906
0.345856
0.345806
0.345757
0.345851
0.345944
0.346038
0.346132
0.346082
0.346176
0.346126
0.346077
0.346027
0.346121
0.346214
0.346308
0.346258
0.346352
0.346302
0.346396
0.346346
0.34644
0.346533
0.346627
0.34672
0.34667
0.346764
0.346714
0.346808
0.346758
0.346851
0.346802
0.346895
0.346846
0.346796
0.346889
0.34684
0.346933
0.347026
0.346977
0.346927
0.346878
0.346828
0.346921
0.346872
0.346822
0.346773
0.346724
0.346674
0.346767
0.34686
0.346811
0.346904
0.346855
0.346805
0.346756
0.346707
0.346799
0.34675
0.346843
0.346936
0.347029
0.346979
0.34693
0.347023
0.346974
0.346924
0.346875
0.346826
0.346776
0.346727
0.346678
0.346771
0.346863
0.346956
0.346907
0.347
0.34695
0.347043
0.347136
0.347228
0.347179
0.34713
0.34708
0.347031
0.346982
0.346933
0.346884
0.346835
0.346927
0.346878
0.346971
0.346921
0.346872
0.346823
0.346916
0.346867
0.346818
0.346768
0.346861
0.346953
0.347046
0.346996
0.347089
0.34704
0.347132
0.347083
0.347034
0.346985
0.346936
0.347028
0.346979
0.347071
0.347022
0.347114
0.347207
0.347158
0.347109
0.34706
0.347011
0.346962
0.346913
0.346864
0.346815
0.346766
0.346717
0.346809
0.346761
0.346712
0.346663
0.346755
0.346847
0.346939
0.34689
0.346841
0.346933
0.346884
0.346835
0.346927
0.346879
0.34683
0.346781
0.346732
0.346824
0.346775
0.346867
0.346818
0.34677
0.346721
0.346813
0.346764
0.346715
0.346667
0.346758
0.34685
0.346942
0.347033
0.347125
0.347076
0.347168
0.347119
0.34707
0.347162
0.347113
0.347205
0.347156
0.347107
0.347199
0.34729
0.347382
0.347333
0.347284
0.347376
0.347327
0.347279
0.34723
0.347181
0.347133
0.347084
0.347036
0.346987
0.346939
0.34703
0.346982
0.346933
0.346885
0.346836
0.346788
0.346739
0.346691
0.346642
0.346734
0.346825
0.346916
0.346868
0.346819
0.346771
0.346862
0.346814
0.346765
0.346856
0.346808
0.346899
0.34699
0.347081
0.347172
0.347124
0.347214
0.347166
0.347118
0.347209
0.3473
0.347251
0.347203
0.347155
0.347106
0.347197
0.347149
0.347101
0.347052
0.347004
0.346956
0.346908
0.346998
0.34695
0.346902
0.346993
0.346944
0.347035
0.347126
0.347078
0.347168
0.34712
0.347211
0.347162
0.347253
0.347344
0.347434
0.347386
0.347338
0.34729
0.347241
0.347332
0.347284
0.347236
0.347188
0.34714
0.347091
0.347043
0.346995
0.346947
0.346899
0.346851
0.346942
0.347032
0.346984
0.347074
0.347026
0.346978
0.34693
0.346882
0.346834
0.346925
0.346877
0.346967
0.347057
0.347147
0.347099
0.34719
0.34728
0.34737
0.347322
0.347274
0.347226
0.347316
0.347268
0.34722
0.347172
0.347125
0.347077
0.347167
0.347257
0.347209
0.347161
0.347113
0.347065
0.347017
0.34697
0.346922
0.346874
0.346964
0.347054
0.347006
0.346958
0.346911
0.346863
0.346953
0.347043
0.346995
0.346947
0.347037
0.347127
0.347079
0.347031
0.346984
0.347073
0.347026
0.346978
0.347068
0.34702
0.346972
0.346925
0.346877
0.34683
0.346782
0.346872
0.346824
0.346776
0.346866
0.346818
0.346771
0.34686
0.346813
0.346765
0.346855
0.346944
0.347034
0.347123
0.347076
0.347165
0.347118
0.347207
0.347296
0.347249
0.347201
0.347291
0.34738
0.347332
0.347422
0.347374
0.347327
0.347416
0.347505
0.347458
0.34741
0.347363
0.347315
0.347404
0.347493
0.347446
0.347399
0.347488
0.34744
0.347393
0.347345
0.347298
0.347251
0.34734
0.347292
0.347245
0.347198
0.347287
0.347376
0.347465
0.347417
0.34737
0.347459
0.347548
0.3475
0.347453
0.347406
0.347358
0.347311
0.3474
0.347353
0.347441
0.34753
0.347619
0.347572
0.347524
0.347477
0.34743
0.347519
0.347607
0.34756
0.347649
0.347737
0.347826
0.347779
0.347732
0.347684
0.347637
0.34759
0.347543
0.347496
0.347584
0.347673
0.347625
0.347578
0.347531
0.347484
0.347437
0.34739
0.347478
0.347431
0.34752
0.347473
0.347561
0.347649
0.347602
0.347555
0.347644
0.347596
0.347549
0.347502
0.347455
0.347408
0.347497
0.34745
0.347403
0.347356
0.347309
0.347262
0.347215
0.347168
0.347121
0.347209
0.347297
0.34725
0.347339
0.347292
0.347245
0.347333
0.347421
0.347374
0.347462
0.347415
0.347368
0.347322
0.34741
0.347363
0.347451
0.347404
0.347492
0.34758
0.347533
0.347486
0.347574
0.347527
0.34748
0.347568
0.347522
0.347475
0.347428
0.347381
0.347334
0.347288
0.347241
0.347194
0.347147
0.347101
0.347054
0.347142
0.347095
0.347049
0.347002
0.346955
0.346909
0.346862
0.346815
0.346769
0.346722
0.346676
0.346763
0.346717
0.34667
0.346758
0.346846
0.346933
0.347021
0.346974
0.346928
0.347015
0.346969
0.346922
0.346876
0.346963
0.346917
0.347004
0.347092
0.347045
0.346999
0.346952
0.346906
0.34686
0.346947
0.347034
0.346988
0.347075
0.347029
0.346982
0.346936
0.34689
0.346977
0.346931
0.346884
0.346838
0.346925
0.347012
0.3471
0.347053
0.347007
0.346961
0.347048
0.347001
0.347089
0.347042
0.346996
0.34695
0.346903
0.346991
0.346944
0.347031
0.347118
0.347072
0.347159
0.347113
0.347067
0.34702
0.347107
0.347061
0.347148
0.347235
0.347189
0.347276
0.34723
0.347183
0.347137
0.347091
0.347178
0.347132
0.347085
0.347039
0.346993
0.346947
0.346901
0.346988
0.347074
0.347028
0.347115
0.347069
0.347156
0.34711
0.347196
0.347283
0.34737
0.347457
0.347543
0.347497
0.347451
0.347537
0.347491
0.347445
0.347399
0.347353
0.347307
0.347261
0.347215
0.347301
0.347255
0.347342
0.347296
0.347382
0.347336
0.34729
0.347377
0.347463
0.34755
0.347504
0.347458
0.347412
0.347366
0.347452
0.347406
0.34736
0.347314
0.3474
0.347487
0.347441
0.347527
0.347613
0.347567
0.347521
0.347476
0.34743
0.347384
0.347338
0.347292
0.347378
0.347464
0.347418
0.347505
0.347591
0.347677
0.347763
0.347849
0.347935
0.347889
0.347975
0.348061
0.348015
0.348101
0.348055
0.348009
0.348095
0.34805
0.348004
0.34809
0.348175
0.34813
0.348084
0.348038
0.347992
0.347946
0.348032
0.347986
0.347941
0.348026
0.347981
0.347935
0.348021
0.347975
0.34806
0.348015
0.3481
0.348055
0.348009
0.347963
0.347917
0.347872
0.347826
0.347912
0.347866
0.34782
0.347775
0.347729
0.347815
0.347769
0.347723
0.347678
0.347632
0.347718
0.347803
0.347758
0.347843
0.347798
0.347883
0.347837
0.347792
0.347746
0.347701
0.347786
0.347872
0.347957
0.347911
0.347997
0.348082
0.348168
0.348122
0.348076
0.348031
0.348116
0.348201
0.348287
0.348241
0.348326
0.348281
0.348235
0.34819
0.348144
0.348099
0.348053
0.348138
0.348093
0.348048
0.348133
0.348218
0.348303
0.348257
0.348342
0.348428
0.348382
0.348337
0.348291
0.348246
0.348331
0.348416
0.34837
0.348455
0.34841
0.348364
0.348319
0.348404
0.348359
0.348313
0.348268
0.348222
0.348307
0.348392
0.348347
0.348301
0.348386
0.348471
0.348426
0.34851
0.348465
0.34842
0.348505
0.348589
0.348544
0.348499
0.348453
0.348408
0.348493
0.348447
0.348402
0.348357
0.348312
0.348266
0.348351
0.348436
0.34852
0.348475
0.34843
0.348514
0.348469
0.348424
0.348508
0.348463
0.348548
0.348632
0.348587
0.348542
0.348497
0.348451
0.348406
0.348361
0.348316
0.348271
0.348226
0.34831
0.348395
0.34835
0.348304
0.348389
0.348344
0.348428
0.348512
0.348467
0.348422
0.348377
0.348332
0.348416
0.348371
0.348455
0.34854
0.348495
0.34845
0.348534
0.348489
0.348444
0.348528
0.348612
0.348567
0.348651
0.348735
0.34869
0.348774
0.348858
0.348813
0.348897
0.348852
0.348807
0.348762
0.348717
0.348672
0.348756
0.348711
0.348666
0.348621
0.348577
0.34866
0.348744
0.348828
0.348783
0.348738
0.348694
0.348777
0.348732
0.348688
0.348771
0.348727
0.348682
0.348765
0.348721
0.348804
0.348759
0.348715
0.34867
0.348625
0.348709
0.348664
0.348748
0.348703
0.348658
0.348613
0.348568
0.348524
0.348479
0.348563
0.348646
0.348601
0.348685
0.34864
0.348596
0.348551
0.348634
0.34859
0.348545
0.3485
0.348456
0.348539
0.348495
0.34845
0.348533
0.348617
0.348572
0.348528
0.348611
0.348566
0.34865
0.348733
0.348688
0.348644
0.348599
0.348555
0.34851
0.348465
0.348549
0.348504
0.34846
0.348543
0.348498
0.348454
0.348409
0.348365
0.34832
0.348276
0.348231
0.348315
0.34827
0.348226
0.348181
0.348264
0.34822
0.348176
0.348259
0.348342
0.348297
0.348381
0.348336
0.348292
0.348375
0.34833
0.348286
0.348242
0.348325
0.348408
0.348491
0.348446
0.348402
0.348358
0.348313
0.348269
0.348225
0.34818
0.348263
0.348219
0.348302
0.348385
0.34834
0.348296
0.348252
0.348207
0.348163
0.348119
0.348075
0.348158
0.348113
0.348069
0.348152
0.348108
0.348063
0.348019
0.348102
0.348058
0.348014
0.348096
0.348052
0.348008
0.347964
0.348047
0.348003
0.348085
0.348041
0.348124
0.34808
0.348035
0.347991
0.347947
0.34803
0.347986
0.347942
0.348024
0.34798
0.348063
0.348145
0.348101
0.348057
0.34814
0.348096
0.348178
0.348134
0.34809
0.348046
0.348002
0.348084
0.34804
0.348123
0.348079
0.348161
0.348117
0.348073
0.348029
0.348112
0.348194
0.34815
0.348106
0.348188
0.348271
0.348353
0.348309
0.348265
0.348347
0.348303
0.348385
0.348468
0.34855
0.348506
0.348462
0.348418
0.3485
0.348582
0.348538
0.348494
0.34845
0.348407
0.348363
0.348319
0.348401
0.348357
0.348439
0.348521
0.348603
0.348559
0.348515
0.348471
0.348428
0.34851
0.348466
0.348548
0.348504
0.348586
0.348542
0.348624
0.34858
0.348662
0.348618
0.3487
0.348656
0.348612
0.348694
0.348776
0.348732
0.348814
0.34877
0.348852
0.348808
0.34889
0.348971
0.348928
0.348884
0.348966
0.348922
0.348878
0.348834
0.348791
0.348747
0.348703
0.348659
0.348616
0.348572
0.348654
0.34861
0.348566
0.348523
0.348479
0.348436
0.348517
0.348599
0.348555
0.348636
0.348718
0.348674
0.348631
0.348712
0.348669
0.348625
0.348706
0.348663
0.348619
0.348576
0.348532
0.348489
0.348445
0.348526
0.348483
0.348439
0.348396
0.348477
0.348559
0.348515
0.348472
0.348428
0.348509
0.348591
0.348547
0.348628
0.348585
0.348541
0.348498
0.348579
0.348536
0.348492
0.348574
0.348655
0.348736
0.348817
0.348898
0.348855
0.348811
0.348768
0.348849
0.348805
0.348762
0.348719
0.348675
0.348632
0.348713
0.348794
0.348875
0.348831
0.348788
0.348745
0.348701
0.348782
0.348863
0.34882
0.348777
0.348857
0.348814
0.348895
0.348852
0.348808
0.348765
0.348722
0.348678
0.348635
0.348716
0.348797
0.348754
0.34871
0.348667
0.348624
0.348581
0.348537
0.348494
0.348451
0.348408
0.348365
0.348322
0.348278
0.348359
0.348316
0.348397
0.348354
0.348434
0.348515
0.348472
0.348429
0.348509
0.348466
0.348547
0.348627
0.348584
0.348541
0.348498
0.348455
0.348412
0.348369
0.348326
0.348406
0.348487
0.348444
0.348401
0.348358
0.348438
0.348395
0.348352
0.348432
0.348513
0.34847
0.348427
0.348507
0.348464
0.348421
0.348378
0.348335
0.348292
0.348373
0.348453
0.348533
0.34849
0.348448
0.348405
0.348362
0.348319
0.348276
0.348233
0.34819
0.348147
0.348227
0.348185
0.348142
0.348222
0.348179
0.348259
0.348216
0.348174
0.348131
0.348088
0.348045
0.348002
0.34796
0.347917
0.347874
0.347954
0.347912
0.347992
0.347949
0.347906
0.347863
0.347821
0.347778
0.347858
0.347815
0.347895
0.347853
0.34781
0.347767
0.347725
0.347805
0.347762
0.347719
0.347677
0.347634
0.347592
0.347549
0.347629
0.347586
0.347666
0.347624
0.347704
0.347661
0.347741
0.347698
0.347656
0.347736
0.347693
0.347651
0.347608
0.347565
0.347645
0.347725
0.347683
0.34764
0.347598
0.347555
0.347513
0.347592
0.347672
0.34763
0.347587
0.347545
0.347502
0.34746
0.347417
0.347497
0.347577
0.347534
0.347492
0.347571
0.347529
0.347487
0.347566
0.347524
0.347481
0.347439
0.347397
0.347476
0.347434
0.347392
0.347471
0.347551
0.347508
0.347588
0.347667
0.347625
0.347704
0.347784
0.347741
0.347699
0.347657
0.347736
0.347816
0.347773
0.347731
0.347689
0.347768
0.347847
0.347805
0.347763
0.34772
0.347678
0.347636
0.347594
0.347551
0.347509
0.347588
0.347668
0.347625
0.347583
0.347541
0.347499
0.347457
0.347414
0.347494
0.347451
0.347409
0.347367
0.347325
0.347283
0.347362
0.34732
0.347399
0.347478
0.347557
0.347515
0.347473
0.347431
0.34751
0.347589
0.347547
0.347626
0.347584
0.347542
0.3475
0.347458
0.347537
0.347616
0.347695
0.347652
0.34761
0.347568
0.347526
0.347484
0.347442
0.3474
0.347358
0.347316
0.347274
0.347232
0.34719
0.347269
0.347227
0.347185
0.347143
0.347101
0.34706
0.347138
0.347096
0.347055
0.347013
0.346971
0.346929
0.346887
0.346845
0.346803
0.346762
0.34684
0.346799
0.346757
0.346715
0.346794
0.346752
0.346831
0.346789
0.346747
0.346826
0.346784
0.346863
0.346941
0.34702
0.346978
0.347057
0.347135
0.347094
0.347052
0.34701
0.346968
0.347047
0.347005
0.346963
0.346922
0.347
0.346958
0.347037
0.346995
0.347074
0.347032
0.34711
0.347189
0.347267
0.347226
0.347304
0.347262
0.347221
0.347299
0.347257
0.347216
0.347294
0.347372
0.347331
0.347409
0.347487
0.347445
0.347404
0.347482
0.34744
0.347519
0.347477
0.347435
0.347394
0.347352
0.34743
0.347389
0.347467
0.347425
0.347384
0.347462
0.34754
0.347498
0.347457
0.347415
0.347373
0.347332
0.34729
0.347249
0.347327
0.347405
0.347363
0.347322
0.34728
0.347239
0.347197
0.347275
0.347353
0.347431
0.34739
0.347348
0.347307
0.347385
0.347463
0.347421
0.34738
0.347338
0.347297
0.347255
0.347214
0.347172
0.34725
0.347328
0.347406
0.347484
0.347562
0.347639
0.347598
0.347557
0.347634
0.347593
0.347552
0.34751
0.347469
0.347427
0.347386
0.347345
0.347303
0.347262
0.347221
0.347179
0.347138
0.347097
0.347055
0.347014
0.346973
0.346931
0.347009
0.346968
0.346927
0.347004
0.347082
0.34716
0.347118
0.347077
0.347036
0.347113
0.347072
0.34715
0.347227
0.347186
0.347263
0.347222
0.347181
0.34714
0.347099
0.347057
0.347016
0.347094
0.347171
0.347249
0.347326
0.347403
0.347362
0.34744
0.347398
0.347357
0.347316
0.347275
0.347234
0.347193
0.347151
0.34711
0.347188
0.347147
0.347224
0.347301
0.34726
0.347219
0.347296
0.347373
0.347332
0.347291
0.34725
0.347209
0.347286
0.347245
0.347204
0.347281
0.347358
0.347317
0.347276
0.347235
0.347312
0.34739
0.347349
0.347426
0.347385
0.347462
0.347539
0.347498
0.347575
0.347652
0.347729
0.347688
0.347765
0.347724
0.347683
0.347641
0.347601
0.34756
0.347519
0.347595
0.347555
0.347514
0.347473
0.347432
0.347509
0.347468
0.347427
0.347504
0.347463
0.347539
0.347616
0.347575
0.347534
0.347494
0.347453
0.347412
0.347371
0.34733
0.347289
0.347366
0.347325
0.347284
0.347243
0.34732
0.347279
0.347356
0.347315
0.347274
0.347234
0.347193
0.34727
0.347229
0.347305
0.347265
0.347224
0.347183
0.34726
0.347219
0.347178
0.347255
0.347214
0.347173
0.347133
0.347092
0.347168
0.347128
0.347087
0.347164
0.347123
0.347082
0.347159
0.347118
0.347077
0.347154
0.347113
0.34719
0.347149
0.347108
0.347068
0.347144
0.347104
0.34718
0.347139
0.347099
0.347175
0.347135
0.347211
0.347287
0.347247
0.347206
0.347165
0.347125
0.347084
0.347161
0.34712
0.347196
0.347273
0.347232
0.347308
0.347268
0.347227
0.347187
0.347146
0.347106
0.347182
0.347258
0.347334
0.34741
0.34737
0.347329
0.347289
0.347365
0.347324
0.3474
0.34736
0.347436
0.347512
0.347588
0.347547
0.347507
0.347583
0.347543
0.347502
0.347578
0.347654
0.347614
0.347573
0.347533
0.347492
0.347452
0.347411
0.347487
0.347447
0.347406
0.347482
0.347558
0.347518
0.347594
0.347553
0.347513
0.347472
0.347548
0.347508
0.347584
0.347543
0.347503
0.347579
0.347654
0.347614
0.347574
0.347649
0.347609
0.347569
0.347528
0.347488
0.347448
0.347407
0.347367
0.347443
0.347403
0.347362
0.347438
0.347514
0.347589
0.347665
0.34774
0.3477
0.34766
0.34762
0.347579
0.347539
0.347499
0.347574
0.34765
0.347725
0.347685
0.347761
0.34772
0.347796
0.347756
0.347715
0.347791
0.347866
0.347826
0.347901
0.347977
0.347937
0.348012
0.347972
0.347932
0.347891
0.347967
0.347927
0.347886
0.347846
0.347806
0.347881
0.347957
0.348032
0.348107
0.348067
0.348142
0.348217
0.348177
0.348137
0.348097
0.348172
0.348247
0.348207
0.348167
0.348242
0.348317
0.348277
0.348352
0.348312
0.348272
0.348232
0.348192
0.348267
0.348342
0.348302
0.348262
0.348221
0.348181
0.348141
0.348101
0.348176
0.348136
0.348096
0.348056
0.348131
0.348091
0.348051
0.348011
0.347971
0.348046
0.348006
0.348081
0.348041
0.348116
0.348191
0.348266
0.348226
0.348186
0.34826
0.348335
0.34841
0.34837
0.348445
0.34852
0.348594
0.348669
0.348629
0.348589
0.348549
0.348624
0.348584
0.348544
0.348504
0.348464
0.348424
0.348384
0.348344
0.348304
0.348264
0.348339
0.348299
0.348259
0.348219
0.34818
0.34814
0.3481
0.34806
0.34802
0.34798
0.347941
0.347901
0.347975
0.347935
0.347896
0.347856
0.34793
0.347891
0.347965
0.347925
0.347886
0.347846
0.347806
0.347766
0.347841
0.347801
0.347762
0.347836
0.347796
0.347871
0.347945
0.347905
0.347866
0.347826
0.347786
0.347747
0.347707
0.347667
0.347628
0.347588
0.347548
0.347509
0.347469
0.34743
0.34739
0.34735
0.347425
0.347385
0.347346
0.347306
0.347267
0.347227
0.347301
0.347262
0.347222
0.347297
0.347371
0.347331
0.347406
0.34748
0.347554
0.347628
0.347589
0.347549
0.34751
0.34747
0.347544
0.347505
0.347579
0.347653
0.347614
0.347688
0.347648
0.347609
0.347569
0.34753
0.34749
0.347451
0.347411
0.347372
0.347333
0.347293
0.347254
0.347214
0.347288
0.347249
0.347323
0.347397
0.347471
0.347432
0.347392
0.347353
0.347314
0.347388
0.347348
0.347309
0.347269
0.34723
0.347191
0.347151
0.347112
0.347073
0.347034
0.346994
0.346955
0.346916
0.34699
0.34695
0.346911
0.346872
0.346946
0.34702
0.347093
0.347167
0.347128
0.347089
0.347163
0.347236
0.347197
0.347271
0.347345
0.347305
0.347266
0.347227
0.347188
0.347261
0.347222
0.347183
0.347257
0.347218
0.347178
0.347139
0.3471
0.347061
0.347022
0.346983
0.346943
0.347017
0.347091
0.347164
0.347238
0.347199
0.34716
0.347233
0.347194
0.347155
0.347116
0.347077
0.347038
0.347111
0.347185
0.347258
0.347219
0.347293
0.347254
0.347214
0.347175
0.347136
0.347097
0.347171
0.347132
0.347093
0.347166
0.347127
0.347088
0.347049
0.347122
0.347083
0.347044
0.347005
0.346966
0.346927
0.347001
0.346962
0.346923
0.346884
0.346845
0.346806
0.346767
0.34684
0.346914
0.346987
0.346948
0.346909
0.346982
0.346943
0.347017
0.34709
0.347051
0.347012
0.346973
0.347046
0.347007
0.346969
0.34693
0.346891
0.346852
0.346813
0.346774
0.346735
0.346697
0.34677
0.346843
0.346804
0.346877
0.34695
0.346911
0.346873
0.346834
0.346907
0.34698
0.346941
0.347014
0.346975
0.347048
0.347121
0.347194
0.347155
0.347228
0.34719
0.347151
0.347112
0.347073
0.347035
0.346996
0.346957
0.34703
0.347103
0.347064
0.347025
0.347098
0.347171
0.347244
0.347205
0.347166
0.347128
0.347089
0.34705
0.347012
0.346973
0.346934
0.346896
0.346968
0.34693
0.346891
0.346852
0.346814
0.346886
0.346848
0.346921
0.346882
0.346843
0.346805
0.346766
0.346728
0.346689
0.34665
0.346612
0.346573
0.346535
0.346496
0.346569
0.34653
0.346603
0.346564
0.346637
0.346598
0.346671
0.346633
0.346705
0.346667
0.346739
0.346701
0.346662
0.346735
0.346807
0.346769
0.34673
0.346692
0.346764
0.346726
0.346687
0.346649
0.34661
0.346572
0.346534
0.346495
0.346457
0.346418
0.346491
0.346452
0.346414
0.346486
0.346448
0.34641
0.346371
0.346444
0.346516
0.346478
0.34655
0.346622
0.346584
0.346546
0.346507
0.346469
0.346431
0.346503
0.346465
0.346537
0.346499
0.346571
0.346532
0.346494
0.346566
0.346639
0.3466
0.346562
0.346634
0.346706
0.346668
0.34674
0.346702
0.346774
0.346736
0.346698
0.346659
0.346621
0.346583
0.346545
0.346506
0.346578
0.34654
0.346612
0.346574
0.346536
0.346498
0.346459
0.346421
0.346383
0.346345
0.346307
0.346268
0.34623
0.346192
0.346264
0.346336
0.346408
0.34648
0.346442
0.346514
0.346476
0.346548
0.34651
0.346471
0.346433
0.346395
0.346357
0.346319
0.346281
0.346243
0.346205
0.346167
0.346128
0.3462
0.346162
0.346234
0.346196
0.346158
0.34612
0.346082
0.346044
0.346116
0.346078
0.34604
0.346002
0.345964
0.345926
0.345998
0.34596
0.345922
0.345993
0.345955
0.345917
0.34588
0.345842
0.345804
0.345875
0.345837
0.3458
0.345871
0.345943
0.346015
0.345977
0.346048
0.34612
0.346192
0.346154
0.346225
0.346188
0.34615
0.346112
0.346183
0.346145
0.346217
0.346179
0.346141
0.346103
0.346175
0.346137
0.346099
0.346061
0.346133
0.346095
0.346057
0.346019
0.345981
0.346053
0.346015
0.345977
0.345939
0.346011
0.345973
0.345935
0.346007
0.345969
0.34604
0.346112
0.346074
0.346036
0.345998
0.345961
0.345923
0.345994
0.345957
0.346028
0.34599
0.345952
0.345915
0.345877
0.345948
0.345911
0.345982
0.345944
0.346015
0.345978
0.346049
0.346011
0.346083
0.346154
0.346116
0.346187
0.34615
0.346112
0.346183
0.346254
0.346326
0.346397
0.346359
0.346321
0.346284
0.346246
0.346317
0.346279
0.346242
0.346313
0.346275
0.346237
0.346309
0.346271
0.346342
0.346413
0.346375
0.346338
0.346409
0.346371
0.346334
0.346296
0.346258
0.346329
0.346292
0.346254
0.346216
0.346179
0.346141
0.346104
0.346066
0.346137
0.346208
0.346171
0.346133
0.346095
0.346058
0.34602
0.345983
0.345945
0.345908
0.34587
0.345833
0.345795
0.345758
0.34572
0.345791
0.345754
0.345716
0.345787
0.345858
0.345929
0.345892
0.345962
0.345925
0.345887
0.34585
0.345813
0.345883
0.345954
0.345917
0.345987
0.34595
0.346021
0.345983
0.346054
0.346125
0.346087
0.346158
0.346229
0.346191
0.346154
0.346116
0.346079
0.346042
0.346112
0.346075
0.346038
0.346
0.346071
0.346033
0.345996
0.345959
0.345921
0.345992
0.346063
0.346025
0.346096
0.346058
0.346129
0.346092
0.346054
0.346017
0.34598
0.34605
0.346013
0.345976
0.346046
0.346009
0.346079
0.346042
0.346112
0.346075
0.346146
0.346108
0.346071
0.346034
0.345997
0.346067
0.34603
0.345992
0.345955
0.345918
0.345881
0.345844
0.345914
0.345877
0.345947
0.346017
0.346088
0.346051
0.346013
0.345976
0.345939
0.346009
0.345972
0.345935
0.345898
0.345968
0.345931
0.346001
0.345964
0.346034
0.345997
0.34596
0.345923
0.345886
0.345849
0.345919
0.345989
0.345952
0.346022
0.345985
0.345948
0.345911
0.345981
0.345944
0.345907
0.345977
0.346047
0.34601
0.34608
0.34615
0.346113
0.346076
0.346039
0.346002
0.346072
0.346034
0.345997
0.346067
0.34603
0.345993
0.345956
0.345919
0.345882
0.345845
0.345808
0.345878
0.345841
0.345804
0.345767
0.345837
0.345907
0.34587
0.34594
0.34601
0.345973
0.346043
0.346006
0.345969
0.345932
0.346002
0.346072
0.346035
0.345998
0.345961
0.346031
0.345994
0.345957
0.34592
0.345883
0.345953
0.346023
0.345986
0.345949
0.345912
0.345982
0.345945
0.345908
0.345871
0.345834
0.345904
0.345974
0.345937
0.3459
0.345863
0.345826
0.345789
0.345859
0.345822
0.345785
0.345749
0.345712
0.345675
0.345638
0.345602
0.345565
0.345634
0.345598
0.345667
0.34563
0.345594
0.345663
0.345627
0.34559
0.345659
0.345729
0.345692
0.345655
0.345725
0.345688
0.345651
0.345615
0.345578
0.345541
0.345611
0.345574
0.345538
0.345501
0.345464
0.345428
0.345391
0.345354
0.345318
0.345281
0.34535
0.34542
0.345383
0.345347
0.34531
0.345379
0.345343
0.345306
0.345376
0.345339
0.345302
0.345266
0.345335
0.345299
0.345368
0.345331
0.345295
0.345364
0.345433
0.345397
0.34536
0.345324
0.345287
0.345251
0.345214
0.345283
0.345247
0.34521
0.345174
0.345137
0.345101
0.345064
0.345134
0.345097
0.345166
0.345236
0.345199
0.345163
0.345126
0.34509
0.345159
0.345122
0.345192
0.345155
0.345224
0.345188
0.345151
0.345115
0.345079
0.345148
0.345217
0.34518
0.345144
0.345213
0.345177
0.345246
0.345315
0.345278
0.345242
0.345205
0.345169
0.345238
0.345307
0.345271
0.34534
0.345409
0.345372
0.345441
0.34551
0.345474
0.345543
0.345506
0.34547
0.345434
0.345397
0.345361
0.345324
0.345288
0.345252
0.345321
0.34539
0.345458
0.345422
0.345491
0.34556
0.345523
0.345592
0.345556
0.345625
0.345693
0.345762
0.345831
0.345899
0.345863
0.345932
0.346
0.346069
0.346033
0.345996
0.34596
0.345924
0.345888
0.345851
0.345815
0.345779
0.345742
0.345706
0.345775
0.345843
0.345912
0.345876
0.345944
0.345908
0.345872
0.34594
0.345904
0.345868
0.345832
0.3459
0.345864
0.345828
0.345791
0.34586
0.345928
0.345892
0.345961
0.345924
0.345888
0.345852
0.345816
0.34578
0.345744
0.345707
0.345671
0.345635
0.345704
0.345772
0.345736
0.3457
0.345768
0.345732
0.3458
0.345764
0.345728
0.345692
0.345656
0.34562
0.345688
0.345652
0.34572
0.345684
0.345648
0.345612
0.345576
0.34554
0.345504
0.345468
0.345536
0.345604
0.345568
0.345532
0.345496
0.34546
0.345424
0.345492
0.345456
0.34542
0.345384
0.345348
0.345417
0.345485
0.345449
0.345517
0.345481
0.345445
0.345409
0.345477
0.345545
0.345509
0.345473
0.345438
0.345402
0.34547
0.345434
0.345502
0.34557
0.345534
0.345602
0.345566
0.34553
0.345598
0.345562
0.345526
0.345594
0.345558
0.345626
0.345694
0.345659
0.345726
0.345794
0.345862
0.345826
0.345894
0.345962
0.34603
0.345994
0.345958
0.345922
0.345886
0.345851
0.345918
0.345986
0.34595
0.345915
0.345879
0.345843
0.345807
0.345771
0.345735
0.345803
0.345871
0.345939
0.345903
0.345867
0.345831
0.345795
0.345863
0.345931
0.345999
0.345963
0.34603
0.345995
0.345959
0.346026
0.345991
0.346058
0.346023
0.34609
0.346054
0.346019
0.345983
0.345947
0.346015
0.345979
0.345943
0.345907
0.345975
0.345939
0.345904
0.345868
0.345832
0.345796
0.345761
0.345828
0.345896
0.345963
0.345928
0.345995
0.346063
0.34613
0.346094
0.346162
0.346229
0.346194
0.346158
0.346122
0.346086
0.346051
0.346015
0.345979
0.346047
0.346011
0.345975
0.34594
0.345904
0.345869
0.345833
0.3459
0.345968
0.345932
0.345896
0.345861
0.345928
0.345995
0.34596
0.345924
0.345889
0.345853
0.345817
0.345885
0.345849
0.345814
0.345778
0.345845
0.345913
0.345877
0.345841
0.345909
0.345976
0.34594
0.345905
0.345869
0.345834
0.345798
0.345763
0.345727
0.345794
0.345759
0.345826
0.345791
0.345755
0.34572
0.345684
0.345751
0.345716
0.345783
0.345747
0.345815
0.345882
0.345846
0.345913
0.345878
0.345842
0.345807
0.345874
0.345838
0.345803
0.34587
0.345835
0.345799
0.345866
0.345831
0.345795
0.34576
0.345725
0.345689
0.345756
0.345721
0.345788
0.345855
0.345922
0.345886
0.345851
0.345815
0.34578
0.345745
0.345709
0.345674
0.345741
0.345706
0.34567
0.345635
0.3456
0.345666
0.345733
0.3458
0.345765
0.345832
0.345898
0.345863
0.345828
0.345792
0.345757
0.345722
0.345687
0.345753
0.345718
0.345683
0.34575
0.345714
0.345679
0.345644
0.34571
0.345675
0.345742
0.345707
0.345671
0.345636
0.345703
0.345668
0.345734
0.345699
0.345664
0.345629
0.345695
0.34566
0.345727
0.345793
0.345758
0.345825
0.345891
0.345856
0.345821
0.345786
0.345852
0.345817
0.345782
0.345747
0.345813
0.345778
0.345845
0.345911
0.345876
0.345841
0.345806
0.345872
0.345837
0.345802
0.345767
0.345732
0.345798
0.345763
0.345728
0.345693
0.345658
0.345623
0.345689
0.345654
0.345619
0.345584
0.34565
0.345717
0.345682
0.345646
0.345611
0.345576
0.345541
0.345506
0.345471
0.345538
0.345502
0.345569
0.345534
0.3456
0.345565
0.34553
0.345495
0.34546
0.345425
0.34539
0.345355
0.34532
0.345285
0.34525
0.345215
0.345281
0.345247
0.345212
0.345177
0.345243
0.345208
0.345173
0.345138
0.345103
0.345169
0.345236
0.345201
0.345166
0.345131
0.345197
0.345162
0.345127
0.345092
0.345058
0.345124
0.345089
0.345054
0.34512
0.345085
0.345051
0.345016
0.344981
0.344946
0.344911
0.344977
0.344942
0.345009
0.345075
0.34504
0.345106
0.345071
0.345036
0.345102
0.345168
0.345134
0.345099
0.345064
0.345029
0.345095
0.34506
0.345127
0.345092
0.345158
0.345224
0.345189
0.345154
0.345119
0.345085
0.34505
0.345015
0.34498
0.345046
0.345012
0.345078
0.345043
0.345008
0.344973
0.344939
0.345005
0.34497
0.345036
0.345001
0.345067
0.345032
0.344997
0.344963
0.344928
0.344994
0.34506
0.345025
0.34499
0.345056
0.345022
0.344987
0.344952
0.344918
0.344883
0.344949
0.344914
0.34498
0.344945
0.344911
0.344876
0.344942
0.344907
0.344873
0.344938
0.344904
0.344869
0.344935
0.345001
0.345066
0.345032
0.345097
0.345063
0.345128
0.345094
0.345059
0.345125
0.34509
0.345056
0.345121
0.345087
0.345052
0.345018
0.345083
0.345149
0.345114
0.34508
0.345045
0.345111
0.345076
0.345142
0.345207
0.345273
0.345338
0.345404
0.345369
0.345435
0.3455
