0
0
0
0.25
0.4
0.333333
0.285714
0.25
0.222222
0.2
0.272727
0.25
0.307692
0.285714
0.333333
0.3125
0.294118
0.277778
0.315789
0.3
0.285714
0.272727
0.26087
0.25
0.24
0.269231
0.259259
0.25
0.275862
0.266667
0.258065
0.25
0.242424
0.235294
0.228571
0.222222
0.216216
0.210526
0.230769
0.225
0.219512
0.214286
0.232558
0.227273
0.222222
0.23913
0.234043
0.229167
0.22449
0.22
0.235294
0.230769
0.245283
0.240741
0.236364
0.232143
0.22807
0.224138
0.220339
0.216667
0.213115
0.209677
0.222222
0.21875
0.215385
0.212121
0.208955
0.220588
0.231884
0.228571
0.239437
0.25
0.246575
0.243243
0.24
0.236842
0.246753
0.25641
0.253165
0.25
0.246914
0.243902
0.240964
0.238095
0.235294
0.232558
0.229885
0.227273
0.224719
0.222222
0.21978
0.217391
0.215054
0.212766
0.210526
0.208333
0.206186
0.204082
0.20202
0.2
0.207921
0.205882
0.203883
0.201923
0.2
0.198113
0.205607
0.203704
0.201835
0.2
0.207207
0.205357
0.212389
0.210526
0.217391
0.224138
0.230769
0.228814
0.226891
0.225
0.231405
0.229508
0.227642
0.225806
0.224
0.230159
0.23622
0.234375
0.232558
0.230769
0.229008
0.227273
0.233083
0.231343
0.22963
0.235294
0.233577
0.231884
0.230216
0.228571
0.22695
0.225352
0.223776
0.229167
0.227586
0.226027
0.22449
0.222973
0.221477
0.226667
0.225166
0.230263
0.228758
0.227273
0.225806
0.224359
0.229299
0.227848
0.226415
0.225
0.223602
0.222222
0.226994
0.22561
0.230303
0.228916
0.233533
0.232143
0.230769
0.229412
0.22807
0.226744
0.225434
0.229885
0.228571
0.232955
0.231638
0.235955
0.234637
0.233333
0.232044
0.230769
0.229508
0.228261
0.227027
0.231183
0.229947
0.234043
0.232804
0.231579
0.235602
0.234375
0.233161
0.231959
0.235897
0.234694
0.238579
0.237374
0.241206
0.245
0.243781
0.242574
0.241379
0.240196
0.239024
0.237864
0.241546
0.245192
0.244019
0.242857
0.241706
0.240566
0.239437
0.242991
0.24186
0.240741
0.239631
0.238532
0.237443
0.240909
0.239819
0.238739
0.237668
0.241071
0.244444
0.247788
0.246696
0.245614
0.244541
0.243478
0.242424
0.241379
0.240343
0.239316
0.238298
0.237288
0.236287
0.239496
0.238494
0.2375
0.236515
0.235537
0.234568
0.233607
0.236735
0.235772
0.234818
0.233871
0.236948
0.24
0.239044
0.238095
0.241107
0.240157
0.239216
0.238281
0.237354
0.24031
0.243243
0.246154
0.245211
0.244275
0.243346
0.246212
0.245283
0.24812
0.247191
0.246269
0.245353
0.244444
0.243542
0.242647
0.241758
0.240876
0.24
0.242754
0.241877
0.241007
0.240143
0.242857
0.241993
0.241135
0.240283
0.239437
0.238596
0.237762
0.236934
0.236111
0.235294
0.234483
0.233677
0.232877
0.232082
0.231293
0.230508
0.22973
0.228956
0.228188
0.227425
0.226667
0.225914
0.225166
0.224422
0.223684
0.222951
0.222222
0.221498
0.224026
0.223301
0.225806
0.22508
0.227564
0.226837
0.226115
0.225397
0.227848
0.227129
0.22956
0.22884
0.228125
0.227414
0.226708
0.226006
0.228395
0.230769
0.230061
0.229358
0.228659
0.227964
0.230303
0.229607
0.228916
0.228228
0.227545
0.226866
0.22619
0.225519
0.224852
0.224189
0.223529
0.222874
0.222222
0.221574
0.22093
0.223188
0.222543
0.221902
0.224138
0.223496
0.222857
0.222222
0.221591
0.220963
0.220339
0.222535
0.22191
0.221289
0.22067
0.222841
0.222222
0.221607
0.220994
0.220386
0.21978
0.219178
0.218579
0.217984
0.217391
0.216802
0.216216
0.218329
0.217742
0.217158
0.216578
0.216
0.215426
0.214854
0.214286
0.21372
0.213158
0.212598
0.21466
0.214099
0.216146
0.215584
0.215026
0.217054
0.216495
0.215938
0.215385
0.217391
0.216837
0.216285
0.215736
0.21519
0.214646
0.214106
0.213568
0.213033
0.215
0.214464
0.21393
0.213399
0.215347
0.214815
0.214286
0.216216
0.215686
0.215159
0.214634
0.214112
0.216019
0.215496
0.214976
0.214458
0.213942
0.213429
0.212919
0.214797
0.214286
0.213777
0.21327
0.212766
0.214623
0.214118
0.213615
0.213115
0.214953
0.214452
0.213953
0.213457
0.212963
0.212471
0.211982
0.211494
0.211009
0.210526
0.210046
0.209567
0.209091
0.208617
0.208145
0.209932
0.209459
0.211236
0.210762
0.210291
0.209821
0.209354
0.208889
0.208426
0.207965
0.207506
0.207048
0.206593
0.20614
0.205689
0.20524
0.206972
0.206522
0.206074
0.205628
0.207343
0.209052
0.208602
0.2103
0.20985
0.211538
0.211087
0.210638
0.212314
0.213983
0.213531
0.21308
0.212632
0.214286
0.213836
0.215481
0.215031
0.216667
0.216216
0.215768
0.215321
0.214876
0.216495
0.216049
0.215606
0.215164
0.214724
0.214286
0.213849
0.213415
0.212982
0.212551
0.212121
0.211694
0.211268
0.212851
0.212425
0.214
0.215569
0.215139
0.2167
0.21627
0.217822
0.217391
0.216963
0.216535
0.21611
0.215686
0.217221
0.21875
0.220273
0.219844
0.219417
0.22093
0.220503
0.220077
0.219653
0.221154
0.222649
0.222222
0.223709
0.223282
0.222857
0.222433
0.222011
0.223485
0.223062
0.222642
0.222222
0.221805
0.221388
0.220974
0.22243
0.222015
0.221601
0.22119
0.220779
0.22037
0.221811
0.221402
0.220994
0.220588
0.222018
0.221612
0.221207
0.220803
0.220401
0.22
0.219601
0.219203
0.218807
0.218412
0.21982
0.219424
0.219031
0.22043
0.221825
0.221429
0.222816
0.22242
0.222025
0.221631
0.221239
0.222615
0.222222
0.221831
0.223199
0.222807
0.222417
0.222028
0.223386
0.222997
0.222609
0.222222
0.221837
0.221453
0.221071
0.22069
0.22031
0.219931
0.219554
0.219178
0.218803
0.21843
0.218058
0.217687
0.217317
0.218644
0.219966
0.219595
0.219224
0.220539
0.220168
0.219799
0.21943
0.219064
0.218698
0.218333
0.21797
0.217608
0.217247
0.216887
0.216529
0.216172
0.215815
0.215461
0.216749
0.218033
0.217676
0.21732
0.216966
0.216612
0.217886
0.217532
0.21718
0.218447
0.218094
0.217742
0.217391
0.217042
0.216693
0.216346
0.216
0.217252
0.216906
0.216561
0.216216
0.215873
0.217116
0.218354
0.218009
0.217666
0.217323
0.216981
0.216641
0.216301
0.215962
0.215625
0.215289
0.214953
0.214619
0.214286
0.213953
0.21517
0.214838
0.214506
0.214176
0.213846
0.213518
0.21319
0.212864
0.212538
0.212214
0.213415
0.21309
0.212766
0.213961
0.213636
0.213313
0.212991
0.21267
0.212349
0.21203
0.211712
0.212894
0.212575
0.213752
0.213433
0.213115
0.214286
0.215453
0.215134
0.214815
0.214497
0.21418
0.215339
0.216495
0.216176
0.215859
0.217009
0.216691
0.217836
0.217518
0.217201
0.216885
0.21657
0.216255
0.215942
0.21563
0.215318
0.215007
0.214697
0.214388
0.21408
0.215208
0.2149
0.216023
0.215714
0.215407
0.2151
0.216216
0.215909
0.215603
0.215297
0.216407
0.216102
0.215797
0.216901
0.218003
0.217697
0.217391
0.217087
0.218182
0.219274
0.218968
0.218663
0.218359
0.218056
0.21914
0.220222
0.2213
0.220994
0.22069
0.220386
0.220083
0.21978
0.219479
0.219178
0.218878
0.218579
0.218281
0.217984
0.217687
0.217391
0.217096
0.218157
0.217862
0.218919
0.218623
0.219677
0.219381
0.219086
0.220134
0.22118
0.220884
0.221925
0.221629
0.221333
0.221039
0.220745
0.220452
0.221485
0.221192
0.220899
0.220608
0.220317
0.220026
0.219737
0.219448
0.21916
0.220183
0.219895
0.219608
0.220627
0.220339
0.220052
0.219766
0.219481
0.219196
0.218912
0.219922
0.219638
0.219355
0.219072
0.21879
0.218509
0.218229
0.219231
0.22023
0.219949
0.219668
0.219388
0.219108
0.21883
0.218551
0.218274
0.217997
0.218987
0.219975
0.219697
0.220681
0.220403
0.220126
0.219849
0.219573
0.220551
0.220275
0.22
0.219725
0.219451
0.219178
0.218905
0.219876
0.219603
0.219331
0.219059
0.218789
0.218519
0.218249
0.21798
0.217712
0.217445
0.218405
0.218137
0.21787
0.217604
0.218559
0.218293
0.218027
0.217762
0.217497
0.217233
0.21697
0.217918
0.217654
0.218599
0.218335
0.218072
0.21781
0.217548
0.217287
0.217026
0.216766
0.216507
0.217443
0.217184
0.216925
0.217857
0.218787
0.218527
0.218268
0.218009
0.218935
0.218676
0.219599
0.21934
0.219081
0.218824
0.219741
0.219484
0.219226
0.220141
0.219883
0.219626
0.220537
0.22028
0.220023
0.219767
0.219512
0.219258
0.219003
0.21875
0.218497
0.218245
0.217993
0.217742
0.217491
0.217241
0.216992
0.21789
0.218786
0.21968
0.219429
0.219178
0.218928
0.218679
0.219568
0.220455
0.220204
0.219955
0.219706
0.219457
0.219209
0.22009
0.219842
0.219595
0.219348
0.219101
0.218855
0.219731
0.219485
0.219239
0.220112
0.219866
0.220736
0.221604
0.222469
0.222222
0.221976
0.221729
0.221484
0.221239
0.220994
0.221854
0.22161
0.221366
0.221122
0.220879
0.220637
0.220395
0.220153
0.219912
0.220765
0.220524
0.220284
0.221133
0.220892
0.221739
0.221498
0.221258
0.221018
0.220779
0.220541
0.220302
0.220065
0.219828
0.219591
0.219355
0.220193
0.219957
0.219721
0.219486
0.219251
0.219017
0.218783
0.21855
0.218317
0.218085
0.217853
0.218684
0.218452
0.21822
0.217989
0.217759
0.217529
0.218354
0.218124
0.218947
0.218717
0.218487
0.218258
0.218029
0.217801
0.217573
0.217346
0.217119
0.216893
0.216667
0.216441
0.216216
0.215992
0.215768
0.21658
0.216356
0.216132
0.216942
0.216718
0.216495
0.217302
0.218107
0.217883
0.217659
0.217436
0.217213
0.216991
0.216769
0.216548
0.216327
0.216106
0.215886
0.216684
0.216463
0.216244
0.216024
0.215805
0.215587
0.215369
0.215152
0.214934
0.214718
0.215509
0.215292
0.215075
0.215863
0.215647
0.215431
0.215215
0.216
0.215784
0.215569
0.215354
0.215139
0.214925
0.214712
0.214499
0.215278
0.215064
0.214851
0.214639
0.214427
0.215202
0.215976
0.215764
0.215551
0.216323
0.21611
0.215898
0.215686
0.215475
0.215264
0.215054
0.214844
0.21561
0.2154
0.21519
0.214981
0.214772
0.215534
0.215325
0.216085
0.215876
0.215667
0.216425
0.217181
0.216972
0.217726
0.217517
0.218269
0.21806
0.21785
0.2186
0.219349
0.219139
0.218929
0.21872
0.218511
0.218303
0.219048
0.218839
0.218631
0.219373
0.220114
0.219905
0.219697
0.219489
0.219282
0.219075
0.218868
0.218662
0.219397
0.219191
0.219925
0.219718
0.219512
0.219306
0.220037
0.219832
0.219626
0.219421
0.219216
0.219012
0.218808
0.218605
0.218401
0.218199
0.218924
0.218721
0.218519
0.219241
0.219039
0.218837
0.218635
0.218433
0.218232
0.218031
0.217831
0.217631
0.217431
0.217232
0.217033
0.217749
0.218464
0.218265
0.218978
0.218778
0.21949
0.21929
0.219091
0.218892
0.218693
0.218495
0.218297
0.2181
0.217902
0.217706
0.217509
0.217313
0.217117
0.216922
0.217626
0.21743
0.217235
0.21704
0.216846
0.216652
0.216458
0.216265
0.216071
0.215879
0.215686
0.215494
0.215302
0.215111
0.21492
0.214729
0.215426
0.215235
0.215929
0.216622
0.216431
0.21624
0.216049
0.215859
0.215669
0.215479
0.21529
0.215101
0.215789
0.2156
0.215412
0.215223
0.215035
0.215721
0.215532
0.215344
0.215157
0.21584
0.215652
0.215465
0.215278
0.215958
0.215771
0.215584
0.215398
0.215212
0.215026
0.215703
0.216379
0.216193
0.216007
0.215821
0.215636
0.216309
0.216124
0.215938
0.215753
0.215569
0.215385
0.216055
0.21587
0.216539
0.216354
0.21617
0.215986
0.215803
0.21562
0.215437
0.215254
0.215072
0.21489
0.214708
0.214527
0.214346
0.214165
0.213985
0.213805
0.213625
0.213445
0.213266
0.213926
0.213747
0.214405
0.214226
0.214047
0.213868
0.213689
0.213511
0.213333
0.213156
0.21381
0.213633
0.213455
0.213278
0.213101
0.212925
0.212748
0.212572
0.213223
0.213047
0.212871
0.212696
0.212521
0.212346
0.212993
0.212818
0.212644
0.212469
0.213115
0.21294
0.212766
0.212592
0.213235
0.213061
0.213703
0.213529
0.213355
0.213181
0.213821
0.213647
0.213474
0.213301
0.213938
0.213765
0.214401
0.214228
0.214055
0.214689
0.215323
0.215149
0.214976
0.214803
0.21463
0.214458
0.214286
0.214114
0.213942
0.214572
0.2144
0.214229
0.214058
0.214685
0.214514
0.215139
0.214968
0.214797
0.214626
0.214456
0.214286
0.214909
0.214739
0.214568
0.214399
0.21502
0.21485
0.21468
0.2153
0.21513
0.215748
0.215578
0.215409
0.21524
0.215071
0.214902
0.214734
0.214565
0.214397
0.215012
0.215625
0.215457
0.216069
0.2159
0.215732
0.215564
0.215397
0.215229
0.215062
0.214895
0.215504
0.215337
0.21517
0.215004
0.214838
0.214672
0.214506
0.215112
0.214946
0.214781
0.214615
0.215219
0.215822
0.215656
0.216258
0.216092
0.215926
0.215761
0.215596
0.215432
0.216031
0.215866
0.216463
0.216299
0.216134
0.21597
0.215805
0.215642
0.215478
0.215315
0.215152
0.215746
0.215582
0.216175
0.216012
0.215849
0.215686
0.215524
0.215361
0.215199
0.215038
0.214876
0.215465
0.215304
0.215142
0.214981
0.21482
0.21466
0.214499
0.214339
0.214179
0.214765
0.214605
0.214445
0.214286
0.214126
0.213967
0.213808
0.21365
0.213491
0.214074
0.213916
0.214497
0.214339
0.21418
0.21476
0.214602
0.214444
0.214286
0.214864
0.214706
0.214548
0.215125
0.214967
0.215543
0.215385
0.215227
0.21507
0.214912
0.214755
0.214599
0.214442
0.214286
0.214858
0.214702
0.214545
0.215116
0.215686
0.21553
0.216099
0.216667
0.21651
0.216353
0.216197
0.216763
0.216606
0.21645
0.216294
0.216138
0.215983
0.215827
0.215672
0.215517
0.215363
0.215208
0.215054
0.2149
0.214746
0.214592
0.215154
0.215
0.21556
0.215407
0.215253
0.215812
0.215658
0.215505
0.215352
0.215199
0.215046
0.214894
0.214741
0.214589
0.215145
0.214993
0.214841
0.214689
0.214538
0.214386
0.214235
0.214085
0.213934
0.213783
0.213633
0.213483
0.213333
0.213184
0.213735
0.213585
0.214136
0.214685
0.214535
0.214385
0.214934
0.214784
0.214634
0.214485
0.214335
0.214186
0.214038
0.213889
0.21374
0.213592
0.213444
0.213296
0.213841
0.213693
0.213545
0.213398
0.213251
0.213793
0.213646
0.213499
0.213352
0.213893
0.213746
0.213599
0.214139
0.213992
0.213845
0.214384
0.214237
0.21409
0.213944
0.213798
0.214334
0.214188
0.214042
0.213896
0.213751
0.213605
0.21346
0.213995
0.213849
0.214383
0.214237
0.214092
0.213947
0.214479
0.214334
0.214189
0.214045
0.2139
0.213756
0.213612
0.213468
0.213324
0.213853
0.214382
0.214238
0.214094
0.21395
0.213807
0.214334
0.214859
0.214716
0.214572
0.214429
0.214286
0.214143
0.214
0.213857
0.213715
0.213573
0.214096
0.213953
0.214475
0.214333
0.214854
0.214712
0.21457
0.215089
0.214947
0.214805
0.214663
0.214521
0.21438
0.214898
0.214756
0.215273
0.215132
0.21499
0.214849
0.214708
0.214567
0.214426
0.214286
0.214145
0.214005
0.213865
0.213725
0.213586
0.213446
0.213307
0.21382
0.214332
0.214193
0.214053
0.214564
0.214425
0.214286
0.214796
0.214656
0.215165
0.215674
0.216181
0.216041
0.215902
0.216408
0.216269
0.216129
0.216634
0.216495
0.216355
0.216216
0.216077
0.215938
0.216442
0.216303
0.216164
0.216026
0.215887
0.215749
0.215611
0.215473
0.215335
0.215198
0.215061
0.214923
0.214786
0.21465
0.214513
0.214377
0.214876
0.21474
0.214603
0.214467
0.214331
0.214195
0.21406
0.213924
0.213789
0.213654
0.213519
0.214015
0.21388
0.213745
0.214241
0.214736
0.2146
0.215094
0.214959
0.214824
0.214689
0.214555
0.21442
0.214286
0.214152
0.214643
0.214509
0.215
0.214866
0.214732
0.214598
0.214464
0.21433
0.214197
0.214063
0.21393
0.214419
0.214286
0.214153
0.21402
0.213887
0.213755
0.213622
0.21349
0.213358
0.213844
0.213712
0.21358
0.213448
0.213317
0.213185
0.213054
0.212923
0.213407
0.213891
0.213759
0.213628
0.213497
0.213366
0.213848
0.213717
0.213586
0.214067
0.213936
0.213806
0.213675
0.213545
0.213415
0.213285
0.213155
0.213634
0.213504
0.213374
0.213244
0.213115
0.212985
0.212856
0.212727
0.212598
0.213075
0.212946
0.212817
0.213293
0.213164
0.213036
0.212907
0.213382
0.213253
0.213727
0.213598
0.21347
0.213942
0.213814
0.213685
0.213557
0.214029
0.2145
0.214371
0.214243
0.214115
0.213987
0.214456
0.214328
0.2142
0.214669
0.214541
0.214413
0.214286
0.214158
0.214031
0.213904
0.213777
0.21365
0.213523
0.213397
0.21327
0.213144
0.213018
0.212892
0.213357
0.213231
0.213105
0.212979
0.213443
0.213318
0.213781
0.213655
0.214118
0.213992
0.213866
0.214328
0.214202
0.214076
0.213951
0.213825
0.214286
0.21416
0.214035
0.21391
0.213785
0.214244
0.214119
0.213994
0.213869
0.213745
0.214203
0.214078
0.213953
0.213829
0.213705
0.213581
0.213457
0.213333
0.21321
0.213665
0.213542
0.213997
0.213873
0.213749
0.213626
0.213503
0.213379
0.213256
0.213134
0.213011
0.212888
0.213341
0.213218
0.213096
0.212974
0.212851
0.212729
0.212607
0.212486
0.212364
0.212243
0.212121
0.212571
0.213021
0.2129
0.213349
0.213227
0.213675
0.214123
0.21457
0.214448
0.214326
0.214205
0.214651
0.215096
0.215542
0.21542
0.215297
0.215742
0.216186
0.216063
0.215941
0.215819
0.215697
0.215576
0.215454
0.215333
0.215211
0.215653
0.215532
0.215411
0.215289
0.215169
0.215048
0.214927
0.215367
0.215247
0.215126
0.215006
0.214885
0.214765
0.214645
0.214525
0.214405
0.214286
0.214166
0.214604
0.214485
0.214365
0.214246
0.214127
0.214008
0.213889
0.214325
0.214761
0.214642
0.214523
0.214404
0.214286
0.214167
0.214049
0.21393
0.214365
0.214798
0.21468
0.214562
0.214443
0.214325
0.214207
0.214089
0.213971
0.213854
0.213736
0.213619
0.213502
0.213385
0.213816
0.214247
0.214677
0.215107
0.214989
0.214872
0.214754
0.214637
0.21452
0.214403
0.214286
0.214169
0.214052
0.213936
0.213819
0.213703
0.213587
0.213471
0.213355
0.213239
0.213124
0.213008
0.212893
0.212777
0.212662
0.212547
0.212432
0.212318
0.212203
0.212089
0.211974
0.21186
0.211746
0.211632
0.211518
0.211404
0.21129
0.211177
0.211063
0.21095
0.210837
0.210724
0.210611
0.211034
0.210921
0.210808
0.210695
0.210583
0.21047
0.210358
0.210245
0.210667
0.210554
0.210442
0.21033
0.210218
0.210638
0.210526
0.210414
0.210303
0.210191
0.21008
0.210498
0.210917
0.210805
0.210693
0.210582
0.210471
0.210359
0.210248
0.210137
0.210026
0.209916
0.209805
0.209694
0.209584
0.21
0.20989
0.210305
0.210194
0.210609
0.210499
0.210388
0.210278
0.210168
0.210058
0.209948
0.209838
0.209728
0.209618
0.209509
0.209399
0.20929
0.209181
0.209072
0.208963
0.208854
0.208745
0.208637
0.208528
0.20842
0.208312
0.208204
0.208614
0.208506
0.208917
0.208808
0.2087
0.208592
0.208484
0.208376
0.208269
0.208678
0.20857
0.208462
0.208355
0.208247
0.20814
0.208033
0.207926
0.207819
0.207712
0.207605
0.208012
0.208419
0.208825
0.209231
0.209124
0.209016
0.208909
0.208802
0.209207
0.209611
0.210015
0.209908
0.209801
0.209694
0.209587
0.20948
0.209883
0.209776
0.209669
0.210071
0.209964
0.210366
0.210259
0.210152
0.210553
0.210446
0.210846
0.21074
0.210633
0.210526
0.210926
0.210819
0.210712
0.211111
0.211509
0.211403
0.211296
0.21119
0.211083
0.210977
0.210871
0.210765
0.210659
0.210553
0.210949
0.211345
0.211741
0.211635
0.211529
0.211423
0.211818
0.211712
0.211606
0.2115
0.211394
0.211289
0.211183
0.211577
0.211471
0.211366
0.211759
0.211653
0.212046
0.21194
0.211835
0.21173
0.211624
0.211519
0.211414
0.21131
0.211205
0.2111
0.210996
0.211386
0.211282
0.211177
0.211073
0.211462
0.211358
0.211254
0.211149
0.211045
0.211434
0.21133
0.211226
0.211122
0.211018
0.210914
0.210811
0.210707
0.210604
0.2105
0.210397
0.210784
0.210681
0.210578
0.210475
0.210372
0.210269
0.210166
0.210552
0.210449
0.210347
0.210244
0.210141
0.210039
0.210424
0.210321
0.210219
0.210117
0.210015
0.210398
0.210296
0.210194
0.210092
0.20999
0.209889
0.209787
0.209685
0.209584
0.209966
0.209865
0.209763
0.209662
0.210043
0.209942
0.209841
0.20974
0.21012
0.210019
0.209918
0.209817
0.209716
0.209615
0.209515
0.209414
0.209794
0.209693
0.209592
0.209971
0.21035
0.210249
0.210148
0.210048
0.210426
0.210325
0.210225
0.210602
0.210501
0.210401
0.2103
0.2102
0.210576
0.210476
0.210852
0.210752
0.210651
0.210551
0.210451
0.210351
0.210252
0.210152
0.210526
0.210427
0.210327
0.210227
0.210128
0.210501
0.210402
0.210302
0.210203
0.210104
0.210005
0.209906
0.209807
0.209708
0.209609
0.20951
0.209412
0.209313
0.209215
0.209117
0.209018
0.20892
0.208822
0.209193
0.209095
0.209466
0.209368
0.20927
0.209172
0.209074
0.209444
0.209346
0.209248
0.209617
0.209519
0.209888
0.210256
0.210158
0.210061
0.209963
0.209865
0.210233
0.210135
0.210502
0.210404
0.210306
0.210209
0.210111
0.210014
0.209917
0.209819
0.209722
0.209625
0.209528
0.209894
0.210259
0.210162
0.210065
0.209968
0.209871
0.209774
0.210138
0.210041
0.209945
0.209848
0.209752
0.209655
0.210018
0.209922
0.209826
0.209729
0.210092
0.209995
0.210357
0.210261
0.210165
0.210526
0.210887
0.210791
0.210695
0.210598
0.210502
0.210406
0.21031
0.210214
0.210119
0.210478
0.210383
0.210287
0.210191
0.210095
0.21
0.210359
0.210263
0.210168
0.210073
0.209977
0.209882
0.21024
0.210598
0.210502
0.21086
0.210764
0.211121
0.211026
0.21093
0.210835
0.21074
0.210645
0.21055
0.210455
0.210811
0.211166
0.211071
0.210976
0.210881
0.211236
0.21159
0.211944
0.211849
0.211754
0.211659
0.211564
0.21147
0.211375
0.211728
0.211633
0.211538
0.211444
0.211349
0.211255
0.211161
0.211066
0.210972
0.211324
0.21123
0.211581
0.211487
0.211393
0.211299
0.211205
0.211111
0.211462
0.211368
0.211274
0.21118
0.211086
0.210993
0.211342
0.211249
0.211155
0.211062
0.210969
0.210875
0.211224
0.211572
0.211479
0.211386
0.211292
0.211199
0.211106
0.211013
0.21092
0.210827
0.210735
0.210642
0.210549
0.210457
0.210365
0.210272
0.21018
0.210088
0.209996
0.209904
0.209812
0.20972
0.209628
0.209974
0.209882
0.20979
0.209699
0.209607
0.209952
0.20986
0.209769
0.209677
0.209586
0.20993
0.209839
0.210183
0.210091
0.21
0.209909
0.209818
0.209726
0.210069
0.209978
0.209887
0.209796
0.209705
0.209615
0.209524
0.209433
0.209343
0.209252
0.209594
0.209503
0.209413
0.209322
0.209232
0.209142
0.209483
0.209393
0.209302
0.209212
0.209122
0.209462
0.209372
0.209282
0.209192
0.209103
0.209013
0.208923
0.208834
0.208744
0.208655
0.208565
0.208476
0.208387
0.208298
0.208636
0.208547
0.208458
0.208369
0.20828
0.208191
0.208102
0.208014
0.207925
0.207836
0.207748
0.20766
0.207571
0.207908
0.20782
0.207732
0.208068
0.20798
0.207891
0.207803
0.207715
0.207627
0.207539
0.207875
0.20821
0.208122
0.208034
0.207946
0.207858
0.20777
0.207683
0.207595
0.207507
0.20742
0.207332
0.207666
0.207579
0.207492
0.207404
0.207317
0.20723
0.207143
0.207056
0.206969
0.206882
0.206795
0.206709
0.206622
0.206535
0.206449
0.206363
0.206695
0.207026
0.20694
0.207271
0.207185
0.207098
0.207012
0.206925
0.206839
0.206753
0.206667
0.206581
0.206495
0.206409
0.206323
0.206237
0.206151
0.206481
0.206395
0.20631
0.206224
0.206139
0.206053
0.205968
0.205882
0.205797
0.205712
0.205627
0.205542
0.205457
0.205372
0.205287
0.205202
0.205118
0.205033
0.204948
0.204864
0.20478
0.204695
0.204611
0.204527
0.204443
0.204359
0.204275
0.204601
0.204928
0.204844
0.20476
0.204676
0.204592
0.204508
0.204424
0.204341
0.204257
0.204583
0.204499
0.204415
0.204332
0.204248
0.204165
0.20449
0.204406
0.204323
0.20424
0.204156
0.204073
0.20399
0.203907
0.203824
0.203741
0.203659
0.203982
0.203899
0.204223
0.20414
0.204057
0.203974
0.203891
0.203809
0.203726
0.203644
0.203561
0.203479
0.203397
0.203314
0.203636
0.203554
0.203472
0.203793
0.203711
0.204032
0.20395
0.203868
0.203786
0.203704
0.203622
0.203942
0.204262
0.20418
0.204098
0.204016
0.203934
0.204254
0.204172
0.20409
0.204008
0.203926
0.204245
0.204163
0.204082
0.204
0.204318
0.204237
0.204155
0.204073
0.203992
0.20431
0.204627
0.204545
0.204464
0.204382
0.204301
0.20422
0.204536
0.204455
0.204771
0.20469
0.204609
0.204527
0.204843
0.204762
0.204681
0.2046
0.204518
0.204437
0.204356
0.204276
0.204195
0.204114
0.204429
0.204348
0.204267
0.204186
0.204106
0.204025
0.203945
0.203864
0.203784
0.203704
0.203623
0.203543
0.203463
0.203383
0.203303
0.203223
0.203143
0.203456
0.203769
0.203689
0.203609
0.203922
0.203842
0.204154
0.204074
0.203994
0.203914
0.203834
0.203754
0.203675
0.203595
0.203906
0.203827
0.204137
0.204448
0.204368
0.204288
0.204209
0.204129
0.20405
0.20397
0.203891
0.203812
0.204121
0.204431
0.204351
0.204272
0.204193
0.204113
0.204034
0.203955
0.203876
0.203797
0.203718
0.203639
0.20356
0.203482
0.203403
0.203324
0.203246
0.203553
0.203861
0.203782
0.203704
0.203625
0.203547
0.203468
0.20339
0.203312
0.203233
0.203155
0.203462
0.203383
0.203305
0.203227
0.203149
0.203071
0.202993
0.202915
0.203221
0.203143
0.203065
0.202987
0.20291
0.202832
0.202754
0.202677
0.202599
0.202522
0.202445
0.202367
0.20229
0.202213
0.202136
0.20244
0.202363
0.202286
0.202209
0.202512
0.202435
0.202358
0.202662
0.202585
0.202508
0.202431
0.202354
0.202277
0.20258
0.202503
0.202426
0.202349
0.202652
0.202575
0.202498
0.202421
0.202345
0.202268
0.202192
0.202116
0.202039
0.201963
0.201887
0.202188
0.202112
0.202035
0.201959
0.201883
0.201807
0.201731
0.201655
0.20158
0.20188
0.20218
0.202104
0.202028
0.201952
0.201876
0.2018
0.201725
0.201649
0.201574
0.201498
0.201423
0.201347
0.201272
0.201197
0.201495
0.20142
0.201345
0.20127
0.201194
0.201493
0.201417
0.201342
0.201267
0.201192
0.201117
0.201042
0.200968
0.200893
0.200818
0.200743
0.200669
0.200594
0.20052
0.200445
0.200742
0.200668
0.200593
0.200519
0.200445
0.20037
0.200296
0.200222
0.200148
0.200074
0.20037
0.200296
0.200222
0.200148
0.200074
0.2
0.199926
0.199853
0.199779
0.200074
0.2
0.199926
0.199853
0.199779
0.199706
0.2
0.199926
0.199853
0.19978
0.200073
0.200367
0.200293
0.20022
0.200147
0.200073
0.2
0.199927
0.199854
0.19978
0.199707
0.199634
0.199927
0.200219
0.200146
0.200073
0.200365
0.200292
0.200584
0.20051
0.200437
0.200364
0.200656
0.200582
0.200509
0.2008
0.200727
0.200654
0.200581
0.200872
0.200799
0.200726
0.200653
0.20058
0.200508
0.200435
0.200725
0.200652
0.200941
0.200869
0.200796
0.200723
0.200651
0.200578
0.200506
0.200795
0.201083
0.20101
0.200938
0.200865
0.201154
0.201081
0.201009
0.201296
0.201224
0.201151
0.201439
0.201726
0.201653
0.201581
0.201509
0.201436
0.201723
0.201651
0.201937
0.201864
0.201792
0.20172
0.201648
0.201575
0.201503
0.201431
0.201359
0.201287
0.201573
0.201501
0.201429
0.201357
0.201285
0.201213
0.201141
0.20107
0.200998
0.201283
0.201567
0.201495
0.201423
0.201352
0.201636
0.201564
0.201493
0.201776
0.201705
0.201633
0.201561
0.201845
0.201773
0.201702
0.20163
0.201559
0.201487
0.20177
0.201699
0.201981
0.201909
0.201838
0.201767
0.201696
0.201977
0.201906
0.202188
0.202469
0.202398
0.202326
0.202255
0.202184
0.202465
0.202746
0.203026
0.203306
0.203235
0.203163
0.203092
0.203372
0.203301
0.203229
0.203509
0.203437
0.203366
0.203295
0.203224
0.203503
0.203431
0.20336
0.203289
0.203218
0.203497
0.203425
0.203354
0.203283
0.203212
0.20349
0.203419
0.203697
0.203626
0.203555
0.203484
0.203413
0.203691
0.20362
0.203897
0.203826
0.203755
0.204032
0.203961
0.20389
0.203819
0.204096
0.204372
0.204301
0.204577
0.204506
0.204435
0.204364
0.204294
0.204569
0.204498
0.204428
0.204357
0.204286
0.204561
0.20449
0.20442
0.204695
0.204969
0.204898
0.204828
0.204757
0.204686
0.204616
0.204545
0.204819
0.204749
0.204678
0.204608
0.204881
0.204811
0.204741
0.20467
0.2046
0.20453
0.20446
0.204733
0.204662
0.204592
0.204522
0.204452
0.204382
0.204654
0.204584
0.204856
0.204786
0.204716
0.204646
0.204577
0.204507
0.204778
0.204708
0.204638
0.204569
0.204499
0.204429
0.20436
0.20429
0.204221
0.204151
0.204082
0.204012
0.203943
0.203874
0.203804
0.203735
0.203666
0.203597
0.203528
0.203459
0.20339
0.203321
0.203252
0.203183
0.203114
0.203046
0.203315
0.203585
0.203516
0.203785
0.203716
0.203647
0.203579
0.203847
0.203779
0.20371
0.203641
0.203573
0.203504
0.203435
0.203367
0.203299
0.203567
0.203498
0.20343
0.203361
0.203629
0.203561
0.203492
0.203424
0.203691
0.203623
0.203555
0.203486
0.203418
0.203685
0.203952
0.203883
0.203815
0.203747
0.203679
0.203611
0.203543
0.203809
0.203741
0.203673
0.203605
0.203537
0.203803
0.204068
0.204
0.203932
0.203864
0.203796
0.203728
0.203661
0.203593
0.203525
0.203457
0.20339
0.203322
0.203255
0.203187
0.203452
0.203384
0.203317
0.203249
0.203182
0.203115
0.203047
0.20298
0.202913
0.203177
0.203109
0.203373
0.203306
0.203239
0.203171
0.203104
0.203037
0.2033
0.203233
0.203166
0.203099
0.203032
0.202965
0.202899
0.203161
0.203094
0.203027
0.203289
0.203551
0.203813
0.203746
0.203679
0.203941
0.203874
0.203807
0.20374
0.203673
0.203607
0.203868
0.203801
0.203734
0.203995
0.203928
0.204188
0.204122
0.204382
0.204315
0.204248
0.204508
0.204768
0.205028
0.205287
0.205546
0.205806
0.205738
0.205671
0.205604
0.205537
0.205471
0.205404
0.205337
0.20527
0.205203
0.205137
0.20507
0.205003
0.204937
0.205195
0.205128
0.205062
0.204995
0.205253
0.205186
0.20512
0.205053
0.204987
0.204921
0.205178
0.205112
0.205045
0.204979
0.204913
0.20517
0.205103
0.20536
0.205294
0.205227
0.205484
0.205418
0.205351
0.205285
0.205219
0.205475
0.205409
0.205343
0.205277
0.205211
0.205145
0.205079
0.205334
0.205268
0.205202
0.205457
0.205392
0.205326
0.20526
0.205194
0.205128
0.205062
0.204997
0.204931
0.204866
0.2048
0.204734
0.204989
0.204923
0.204858
0.204792
0.205046
0.2053
0.205235
0.205169
0.205104
0.205038
0.205292
0.205226
0.205161
0.205096
0.20503
0.204965
0.2049
0.204835
0.205087
0.20534
0.205275
0.20521
0.205144
0.205079
0.205014
0.204949
0.205201
0.205136
0.205071
0.205323
0.205258
0.205193
0.205445
0.20538
0.205315
0.20525
0.205501
0.205436
0.205371
0.205306
0.205242
0.205177
0.205112
0.205047
0.204983
0.204918
0.205169
0.205104
0.205039
0.204975
0.205225
0.205475
0.205411
0.20566
0.205596
0.205531
0.205467
0.205402
0.205651
0.205587
0.205522
0.205458
0.205394
0.205329
0.205578
0.205827
0.205763
0.206011
0.205947
0.205882
0.205818
0.205754
0.205689
0.205625
0.205561
0.205497
0.205745
0.20568
0.205616
0.205552
0.205488
0.205736
0.205672
0.205607
0.205543
0.205479
0.205416
0.205352
0.205288
0.205224
0.205471
0.205407
0.205654
0.20559
0.205526
0.205462
0.205399
0.205335
0.205581
0.205518
0.205764
0.2057
0.205636
0.205573
0.205509
0.205446
0.205382
0.205628
0.205873
0.20581
0.205746
0.205991
0.205928
0.205864
0.205801
0.205737
0.205982
0.205919
0.205855
0.2061
0.206036
0.205973
0.206217
0.206154
0.20609
0.206027
0.206271
0.206208
0.206144
0.206081
0.206018
0.206262
0.206198
0.206135
0.206072
0.206009
0.205945
0.205882
0.205819
0.205756
0.205999
0.205936
0.206179
0.206116
0.206359
0.206296
0.206233
0.206475
0.206412
0.206349
0.206286
0.206223
0.20616
0.206098
0.206035
0.206277
0.206214
0.206151
0.206088
0.206026
0.205963
0.2059
0.205838
0.205775
0.206016
0.205954
0.205891
0.205829
0.205766
0.205704
0.205945
0.205882
0.20582
0.205758
0.205695
0.205633
0.205571
0.205811
0.205749
0.205687
0.205927
0.205865
0.205802
0.20574
0.205678
0.205616
0.205554
0.205492
0.20543
0.205368
0.205306
0.205244
0.205182
0.20512
0.205059
0.204997
0.204935
0.204874
0.204812
0.20475
0.204689
0.204627
0.204566
0.204505
0.204443
0.204682
0.20462
0.204559
0.204498
0.204436
0.204375
0.204314
0.204552
0.20479
0.204729
0.204668
0.204906
0.204845
0.204783
0.204722
0.204661
0.204898
0.204837
0.204776
0.204715
0.204654
0.204891
0.205128
0.205067
0.205006
0.204945
0.205182
0.205121
0.20506
0.204999
0.205235
0.205174
0.20541
0.205349
0.205288
0.205227
0.205463
0.205402
0.205638
0.205577
0.205813
0.205752
0.205691
0.20563
0.205569
0.205508
0.205447
0.205386
0.205325
0.205265
0.205204
0.205143
0.205083
0.205022
0.204962
0.204901
0.204841
0.20478
0.20472
0.204659
0.204599
0.204539
0.204478
0.204713
0.204947
0.205181
0.205121
0.20506
0.205
0.20494
0.204879
0.204819
0.204759
0.204699
0.204639
0.204579
0.204519
0.204459
0.204399
0.204339
0.204279
0.204219
0.204159
0.2041
0.20404
0.20398
0.20392
0.203861
0.204094
0.204034
0.203974
0.203915
0.204147
0.204088
0.204028
0.203968
0.203909
0.20385
0.20379
0.203731
0.203671
0.203612
0.203553
0.203493
0.203434
0.203375
0.203316
0.203257
0.203488
0.203429
0.203661
0.203892
0.203833
0.203774
0.203714
0.203655
0.203596
0.203827
0.203768
0.203709
0.20365
0.203591
0.203822
0.203763
0.203704
0.203645
0.203586
0.203816
0.203757
0.203698
0.20364
0.203581
0.203811
0.203752
0.203693
0.203634
0.203576
0.203517
0.203458
0.203688
0.203629
0.20357
0.203512
0.203453
0.203395
0.203336
0.203278
0.203219
0.203161
0.203103
0.203044
0.202986
0.203215
0.203156
0.203098
0.20304
0.202982
0.202923
0.202865
0.203094
0.203036
0.202977
0.202919
0.202861
0.202803
0.203031
0.203259
0.203201
0.203143
0.20337
0.203312
0.203254
0.203196
0.203138
0.20308
0.203023
0.202965
0.202907
0.202849
0.202791
0.202733
0.202676
0.202618
0.20256
0.202503
0.202445
0.202388
0.20233
0.202273
0.202215
0.202158
0.2021
0.202043
0.201986
0.201929
0.201871
0.201814
0.20204
0.201983
0.202209
0.202435
0.202661
0.202603
0.202546
0.202489
0.202714
0.20294
0.202882
0.202825
0.202768
0.20271
0.202653
0.202596
0.202821
0.202764
0.202707
0.202649
0.202874
0.202817
0.20276
0.202703
0.202646
0.202589
0.202813
0.202756
0.202699
0.202642
0.202585
0.202528
0.202471
0.202695
0.202638
0.202581
0.202805
0.203029
0.203252
0.203195
0.203138
0.203081
0.203024
0.202968
0.203191
0.203134
0.203077
0.20302
0.203243
0.203186
0.203129
0.203073
0.203016
0.202959
0.202903
0.202846
0.202789
0.202733
0.202676
0.20262
0.202563
0.202507
0.202451
0.202394
0.202338
0.202282
0.202503
0.202447
0.202391
0.202335
0.202278
0.2025
0.202721
0.202665
0.202609
0.202553
0.202774
0.202718
0.202661
0.202605
0.202549
0.202493
0.202437
0.202658
0.202878
0.202822
0.202766
0.20271
0.202654
0.202598
0.202542
0.202486
0.20243
0.202374
0.202319
0.202263
0.202207
0.202427
0.202371
0.202315
0.20226
0.202204
0.202148
0.202093
0.202037
0.201981
0.201926
0.202145
0.20209
0.202309
0.202253
0.202198
0.202142
0.202087
0.202031
0.20225
0.202195
0.202139
0.202358
0.202303
0.202247
0.202192
0.20241
0.202355
0.202299
0.202244
0.202189
0.202133
0.202078
0.202023
0.201968
0.201913
0.201857
0.202075
0.20202
0.201965
0.20191
0.202128
0.202073
0.202017
0.201962
0.201907
0.201852
0.201797
0.201742
0.201688
0.201633
0.201578
0.201523
0.201468
0.201413
0.201359
0.201304
0.201249
0.201466
0.201412
0.201357
0.201302
0.201519
0.201735
0.201952
0.201897
0.201842
0.202059
0.202004
0.20222
0.202165
0.20211
0.202056
0.202001
0.201946
0.201892
0.201837
0.201783
0.201728
0.201944
0.201889
0.201835
0.20178
0.201726
0.201672
0.201617
0.201832
0.201778
0.201724
0.201939
0.201884
0.20183
0.201776
0.20199
0.202205
0.202151
0.202096
0.202042
0.201988
0.201933
0.201879
0.201825
0.201771
0.201717
0.201931
0.201877
0.201823
0.201768
0.201714
0.201928
0.201874
0.20182
0.201766
0.201712
0.201658
0.201872
0.201818
0.201764
0.20171
0.201923
0.201869
0.201815
0.201761
0.201708
0.201654
0.201867
0.201813
0.201759
0.201705
0.201652
0.201598
0.20181
0.201757
0.201703
0.201649
0.201596
0.201542
0.201489
0.201435
0.201647
0.201594
0.20154
0.201487
0.201433
0.20138
0.201326
0.201273
0.20122
0.201166
0.201113
0.20106
0.201006
0.200953
0.2009
0.200847
0.200794
0.200741
0.200952
0.201163
0.201374
0.201321
0.201268
0.201215
0.201162
0.201372
0.201319
0.201266
0.201213
0.20116
0.201107
0.201318
0.201264
0.201211
0.201159
0.201106
0.201053
0.201
0.200947
0.200894
0.200841
0.200788
0.200736
0.200946
0.201155
0.201103
0.20105
0.200997
0.200944
0.200892
0.200839
0.200786
0.200734
0.200681
0.200629
0.200576
0.200785
0.200995
0.200942
0.200889
0.200837
0.201046
0.200993
0.200941
0.200888
0.200836
0.200783
0.200731
0.200678
0.200626
0.200574
0.200522
0.200469
0.200417
0.200365
0.200313
0.200521
0.200469
0.200677
0.200625
0.200832
0.20104
0.200988
0.200936
0.200884
0.200831
0.200779
0.200727
0.200675
0.200623
0.200571
0.200519
0.200726
0.200674
0.200622
0.20057
0.200518
0.200466
0.200414
0.200362
0.200569
0.200517
0.200466
0.200414
0.200362
0.20031
0.200258
0.200207
0.200155
0.200103
0.200052
0.2
0.199948
0.200155
0.200361
0.200309
0.200258
0.200206
0.200155
0.200361
0.200309
0.200515
0.200721
0.200669
0.200617
0.200823
0.200771
0.20072
0.200668
0.200616
0.200565
0.200513
0.200462
0.200667
0.200872
0.200821
0.200769
0.200718
0.200666
0.200615
0.200564
0.200512
0.200461
0.20041
0.200358
0.200307
0.200512
0.20046
0.200409
0.200358
0.200307
0.200255
0.200204
0.200153
0.200102
0.200306
0.200255
0.200204
0.200153
0.200102
0.200051
0.2
0.199949
0.199898
0.200102
0.200051
0.2
0.199949
0.200153
0.200356
0.200305
0.200254
0.200457
0.200406
0.200609
0.200559
0.200508
0.200457
0.200406
0.200355
0.200558
0.200507
0.200456
0.200659
0.200861
0.20081
0.20076
0.200962
0.201164
0.201113
0.201062
0.201011
0.200961
0.20091
0.201112
0.201061
0.20101
0.200959
0.200909
0.200858
0.20106
0.201009
0.200958
0.20116
0.201109
0.201058
0.201008
0.200957
0.200906
0.200856
0.200805
0.201006
0.201207
0.201157
0.201357
0.201307
0.201508
0.201457
0.201657
0.201607
0.201807
0.201757
0.201706
0.201655
0.201856
0.201805
0.202005
0.201954
0.202154
0.202104
0.202303
0.202253
0.202452
0.202402
0.202351
0.202301
0.2025
0.202449
0.202399
0.202598
0.202547
0.202497
0.202696
0.202645
0.202595
0.202544
0.202743
0.202693
0.202642
0.202592
0.202541
0.20274
0.202689
0.202639
0.202588
0.202538
0.202488
0.202686
0.202636
0.202585
0.202535
0.202484
0.202434
0.202632
0.202582
0.202532
0.202481
0.202431
0.202381
0.202331
0.202281
0.20223
0.20218
0.20213
0.20208
0.20203
0.20198
0.20193
0.20188
0.20183
0.202028
0.201978
0.201928
0.201878
0.201828
0.201778
0.201728
0.201679
0.201629
0.201579
0.201529
0.20148
0.20143
0.20138
0.201331
0.201281
0.201232
0.201182
0.201132
0.201083
0.20128
0.20123
0.201181
0.201131
0.201082
0.201032
0.200983
0.200933
0.20113
0.20108
0.201031
0.200982
0.200932
0.200883
0.200834
0.20103
0.20098
0.200931
0.201127
0.201078
0.201273
0.201224
0.201175
0.20137
0.201321
0.201272
0.201222
0.201173
0.201369
0.201319
0.20127
0.201221
0.201416
0.201367
0.201318
0.201269
0.201463
0.201658
0.201609
0.20156
0.201511
0.201705
0.201656
0.201607
0.201558
0.201509
0.20146
0.201411
0.201362
0.201556
0.201507
0.201458
0.201409
0.20136
0.201311
0.201262
0.201456
0.201407
0.201359
0.20131
0.201261
0.201212
0.201163
0.201115
0.201066
0.201259
0.201211
0.201162
0.201113
0.201065
0.201016
0.200967
0.200919
0.20087
0.201063
0.201015
0.201208
0.201159
0.201111
0.201062
0.201014
0.201206
0.201158
0.201109
0.201302
0.201253
0.201205
0.201156
0.201108
0.201059
0.201011
0.200963
0.200914
0.200866
0.200818
0.20101
0.200962
0.200913
0.200865
0.200817
0.200768
0.20072
0.200672
0.200624
0.200576
0.200528
0.20048
0.200432
0.200384
0.200575
0.200527
0.200479
0.200431
0.200383
0.200335
0.200287
0.200239
0.200191
0.200143
0.200096
0.200048
0.2
0.199952
0.200143
0.200334
0.200286
0.200239
0.200191
0.200143
0.200095
0.200048
0.2
0.200191
0.200143
0.200095
0.200048
0.2
0.199952
0.199905
0.199857
0.19981
0.199762
0.199715
0.199667
0.19962
0.19981
0.199762
0.199715
0.199668
0.19962
0.199573
0.199526
0.199478
0.199431
0.199621
0.199573
0.199763
0.199716
0.199905
0.200095
0.200047
0.2
0.200189
0.200379
0.200568
0.20052
0.200473
0.200662
0.200614
0.200567
0.20052
0.200472
0.200425
0.200378
0.20033
0.200283
0.200236
0.200189
0.200141
0.200094
0.200047
0.2
0.199953
0.199906
0.199859
0.200047
0.2
0.200188
0.200141
0.200094
0.200047
0.2
0.200188
0.200376
0.200329
0.200282
0.200235
0.200422
0.200375
0.200563
0.20075
0.200703
0.200656
0.200609
0.200797
0.20075
0.200937
0.20089
0.201077
0.20103
0.201217
0.201404
0.201356
0.201309
0.201262
0.201449
0.201402
0.201355
0.201308
0.201494
0.201447
0.201634
0.20182
0.201773
0.201726
0.201679
0.201632
0.201585
0.201538
0.201491
0.201444
0.201397
0.20135
0.201303
0.201489
0.201442
0.201395
0.201349
0.201302
0.201255
0.201208
0.201161
0.201115
0.201068
0.201253
0.201207
0.20116
0.201345
0.201299
0.201484
0.201437
0.201391
0.201344
0.201529
0.201482
0.201436
0.201389
0.201342
0.201296
0.201249
0.201203
0.201387
0.201341
0.201294
0.201248
0.201201
0.201155
0.201108
0.201062
0.201015
0.200969
0.200923
0.200876
0.20083
0.200784
0.200737
0.200922
0.200875
0.200829
0.200783
0.200737
0.20069
0.200644
0.200598
0.200552
0.200506
0.20046
0.200644
0.200597
0.200781
0.200735
0.200689
0.200643
0.200597
0.200551
0.200505
0.200459
0.200413
0.200596
0.20055
0.200504
0.200687
0.200641
0.200595
0.200778
0.200732
0.200686
0.200641
0.200823
0.200778
0.200732
0.200914
0.200868
0.200822
0.200777
0.200731
0.200685
0.200639
0.200593
0.200548
0.200502
0.200456
0.20041
0.200365
0.200319
0.200273
0.200228
0.200182
0.200364
0.200319
0.200501
0.200683
0.200637
0.200591
0.200546
0.2005
0.200682
0.200863
0.200818
0.200772
0.200727
0.200681
0.200635
0.20059
0.200544
0.200499
0.200454
0.200635
0.200816
0.200997
0.200952
0.201133
0.201087
0.201041
0.200996
0.20095
0.200905
0.20086
0.200814
0.200769
0.200723
0.200678
0.200633
0.200587
0.200542
0.200497
0.200451
0.200632
0.200587
0.200541
0.200496
0.200676
0.200631
0.200811
0.200766
0.200721
0.200901
0.200856
0.20081
0.200765
0.20072
0.200675
0.20063
0.200585
0.20054
0.200494
0.200449
0.200404
0.200359
0.200314
0.200269
0.200224
0.20018
0.200359
0.200314
0.200269
0.200224
0.200179
0.200134
0.20009
0.200045
0.2
0.199955
0.19991
0.199866
0.199821
0.199776
0.199732
0.199687
0.199642
0.199598
0.199553
0.199508
0.199687
0.199643
0.199598
0.199554
0.199509
0.199688
0.199643
0.199599
0.199777
0.199732
0.199911
0.199866
0.200045
0.2
0.199955
0.199911
0.199866
0.200044
0.200222
0.200178
0.200133
0.200311
0.200267
0.200444
0.2004
0.200355
0.200311
0.200266
0.200444
0.200621
0.200577
0.200532
0.200488
0.200443
0.200399
0.200355
0.20031
0.200266
0.200221
0.200177
0.200133
0.200089
0.200044
0.2
0.199956
0.200133
0.200088
0.200044
0.200221
0.200177
0.200133
0.200088
0.200044
0.2
0.200177
0.200132
0.200088
0.200044
0.200221
0.200176
0.200132
0.200088
0.200044
0.2
0.199956
0.199912
0.200088
0.200264
0.20022
0.200176
0.200352
0.200308
0.200264
0.20022
0.200176
0.200351
0.200307
0.200264
0.20022
0.200176
0.200132
0.200307
0.200263
0.200219
0.200175
0.200132
0.200307
0.200263
0.200438
0.200394
0.20035
0.200306
0.200263
0.200219
0.200394
0.20035
0.200306
0.200262
0.200437
0.200393
0.200568
0.200524
0.20048
0.200437
0.200393
0.200567
0.200742
0.200698
0.200654
0.200611
0.200567
0.200523
0.200697
0.200871
0.201046
0.20122
0.201176
0.201132
0.201088
0.201262
0.201218
0.201392
0.201348
0.201304
0.201478
0.201434
0.20139
0.201347
0.201303
0.201476
0.201433
0.201389
0.201562
0.201518
0.201475
0.201431
0.201604
0.201777
0.201733
0.20169
0.201646
0.201602
0.201775
0.201948
0.202121
0.202077
0.202033
0.202206
0.202378
0.202335
0.202291
0.202247
0.202203
0.20216
0.202116
0.202073
0.202029
0.201985
0.201942
0.201898
0.201855
0.201811
0.201983
0.20194
0.201896
0.201853
0.202025
0.201981
0.201938
0.202109
0.202066
0.202022
0.201979
0.202151
0.202107
0.202064
0.20202
0.201977
0.202148
0.202105
0.202276
0.202233
0.202404
0.202361
0.202317
0.202274
0.20223
0.202187
0.202144
0.202315
0.202271
0.202228
0.202399
0.202355
0.202312
0.202269
0.202226
0.202396
0.202353
0.20231
0.202266
0.202437
0.202607
0.202778
0.202734
0.202905
0.202861
0.202818
0.202988
0.203158
0.203115
0.203072
0.203028
0.202985
0.202942
0.202899
0.202855
0.202812
0.202769
0.202939
0.203108
0.203065
0.203022
0.202979
0.202936
0.202892
0.203062
0.203231
0.203188
0.203145
0.203102
0.203059
0.203016
0.202972
0.202929
0.203098
0.203055
0.203224
0.203181
0.203138
0.203095
0.203052
0.203009
0.202966
0.202923
0.203092
0.203049
0.203006
0.202963
0.203132
0.203089
0.203046
0.203003
0.20296
0.202917
0.202874
0.202831
0.202788
0.202746
0.202703
0.20266
0.202617
0.202574
0.202743
0.2027
0.202657
0.202614
0.202572
0.202529
0.202697
0.202654
0.202612
0.20278
0.202737
0.202694
0.202652
0.202609
0.202566
0.202524
0.202481
0.202439
0.202396
0.202353
0.202311
0.202478
0.202436
0.202393
0.202561
0.202728
0.202686
0.202643
0.202601
0.202558
0.202516
0.202473
0.202431
0.202388
0.202346
0.202513
0.202471
0.202638
0.202595
0.202553
0.20251
0.202677
0.202635
0.202593
0.20255
0.202508
0.202466
0.202632
0.20259
0.202548
0.202505
0.202463
0.202421
0.202587
0.202545
0.202711
0.202669
0.202627
0.202584
0.202542
0.202708
0.202874
0.202832
0.20279
0.202748
0.202706
0.202663
0.202621
0.202787
0.202745
0.202703
0.202868
0.202826
0.202784
0.202742
0.2027
0.202865
0.202823
0.202781
0.202739
0.202697
0.202862
0.20282
0.202778
0.202944
0.202902
0.20286
0.202817
0.202775
0.202941
0.202899
0.202857
0.202815
0.202773
0.202731
0.202689
0.202647
0.202605
0.202563
0.202521
0.202479
0.202438
0.202602
0.202767
0.202725
0.202683
0.202641
0.2026
0.202764
0.202722
0.202887
0.202845
0.202803
0.202761
0.202719
0.202678
0.202636
0.2028
0.202758
0.202922
0.203086
0.203045
0.203003
0.203167
0.203125
0.203083
0.203247
0.203411
0.203369
0.203327
0.203285
0.203244
0.203407
0.203571
0.203529
0.203487
0.203651
0.203609
0.203567
0.203525
0.203689
0.203647
0.203605
0.203563
0.203522
0.203685
0.203643
0.203806
0.203764
0.203927
0.203885
0.203844
0.203802
0.20376
0.203719
0.203677
0.203636
0.203798
0.203757
0.203715
0.203673
0.203632
0.203794
0.203753
0.203711
0.20367
0.203628
0.203587
0.203545
0.203504
0.203666
0.203625
0.203583
0.203542
0.2035
0.203459
0.203417
0.203579
0.203538
0.2037
0.203659
0.20382
0.203779
0.203738
0.203696
0.203655
0.203816
0.203775
0.203937
0.203895
0.203854
0.203813
0.203771
0.20373
0.203689
0.203647
0.203809
0.203767
0.203726
0.203887
0.203846
0.203805
0.203764
0.203722
0.203681
0.203842
0.203801
0.20376
0.203921
0.20388
0.20404
0.203999
0.203958
0.203917
0.203876
0.203835
0.203793
0.203752
0.203711
0.203872
0.204032
0.203991
0.204152
0.204312
0.204472
0.204632
0.204591
0.20455
0.204509
0.204468
0.204427
0.204385
0.204344
0.204303
0.204262
0.204221
0.20418
0.20434
0.204299
0.204258
0.204217
0.204176
0.204135
0.204094
0.204053
0.204213
0.204372
0.204331
0.20429
0.204249
0.204208
0.204368
0.204327
0.204286
0.204245
0.204204
0.204163
0.204122
0.204082
0.204041
0.204
0.203959
0.204118
0.204078
0.204037
0.203996
0.203955
0.203915
0.203874
0.203833
0.203992
0.203951
0.20411
0.204069
0.204228
0.204187
0.204346
0.204505
0.204464
0.204423
0.204582
0.204541
0.2045
0.204459
0.204419
0.204378
0.204337
0.204297
0.204256
0.204216
0.204175
0.204134
0.204094
0.204252
0.204211
0.204369
0.204329
0.204288
0.204248
0.204207
0.204167
0.204126
0.204086
0.204244
0.204203
0.204163
0.204122
0.204082
0.204041
0.204001
0.20396
0.20392
0.20388
0.203839
0.203799
0.203759
0.203718
0.203876
0.203836
0.203795
0.203953
0.203912
0.203872
0.203832
0.203791
0.203751
0.203711
0.203671
0.203828
0.203788
0.203748
0.203707
0.203667
0.203627
0.203587
0.203547
0.203507
0.203467
0.203427
0.203387
0.203346
0.203306
0.203266
0.203226
0.203186
0.203147
0.203107
0.203067
0.203027
0.202987
0.202947
0.202907
0.202867
0.202827
0.202788
0.202748
0.202708
0.202668
0.202628
0.202589
0.202549
0.202509
0.202666
0.202626
0.202586
0.202742
0.202703
0.202663
0.202623
0.202779
0.20274
0.2027
0.20266
0.202816
0.202777
0.202737
0.202697
0.202658
0.202814
0.202774
0.20293
0.20289
0.20285
0.202811
0.202771
0.202732
0.202692
0.202653
0.202613
0.202574
0.202534
0.202495
0.20265
0.202611
0.202571
0.202532
0.202492
0.202453
0.202413
0.202569
0.202724
0.202684
0.202645
0.202605
0.202566
0.202527
0.202487
0.202448
0.202409
0.202369
0.20233
0.202291
0.202252
0.202212
0.202173
0.202134
0.202095
0.202249
0.20221
0.202171
0.202132
0.202093
0.202053
0.202014
0.201975
0.201936
0.201897
0.202051
0.202012
0.201973
0.201934
0.201895
0.201856
0.20201
0.201971
0.201932
0.201893
0.201854
0.201815
0.201969
0.201931
0.202085
0.202239
0.2022
0.202353
0.202314
0.202468
0.202622
0.202776
0.202737
0.20289
0.202851
0.203005
0.202966
0.203119
0.20308
0.203233
0.203194
0.203347
0.203308
0.203269
0.20323
0.203191
0.203152
0.203113
0.203074
0.203227
0.203188
0.203149
0.20311
0.203071
0.203032
0.202993
0.202954
0.202915
0.202876
0.202837
0.20299
0.202951
0.202912
0.202874
0.202835
0.202796
0.202757
0.20291
0.202871
0.202832
0.202793
0.202754
0.202716
0.202677
0.202638
0.202599
0.202561
0.202522
0.202483
0.202445
0.202406
0.202558
0.20252
0.202481
0.202442
0.202404
0.202556
0.202517
0.202479
0.20244
0.202401
0.202363
0.202324
0.202286
0.202247
0.202209
0.20217
0.202132
0.202093
0.202055
0.202016
0.201978
0.20194
0.201901
0.201863
0.201824
0.201786
0.201938
0.201899
0.202051
0.202013
0.202164
0.202126
0.202087
0.202239
0.20239
0.202352
0.202503
0.202464
0.202426
0.202388
0.202539
0.2025
0.202462
0.202424
0.202385
0.202347
0.202309
0.202271
0.202232
0.202383
0.202345
0.202496
0.202457
0.202419
0.202381
0.202343
0.202493
0.202455
0.202417
0.202379
0.20234
0.202302
0.202264
0.202226
0.202188
0.20215
0.202112
0.202074
0.202035
0.202186
0.202148
0.20211
0.202072
0.202034
0.201995
0.201957
0.202108
0.20207
0.202032
0.201994
0.201956
0.201918
0.202068
0.20203
0.201992
0.201954
0.201916
0.201878
0.20184
0.201802
0.201764
0.201726
0.201689
0.201651
0.2018
0.201763
0.201725
0.201687
0.201649
0.201799
0.201761
0.201723
0.201685
0.201648
0.201797
0.201946
0.201909
0.201871
0.201833
0.201982
0.201945
0.201907
0.201869
0.202018
0.201981
0.201943
0.201905
0.201867
0.20183
0.201792
0.201754
0.201717
0.201679
0.201641
0.201604
0.201566
0.201715
0.201678
0.201826
0.201789
0.201751
0.201714
0.201676
0.201825
0.201787
0.201936
0.201898
0.20186
0.202009
0.201971
0.201934
0.201896
0.201859
0.201821
0.201784
0.201746
0.201709
0.201671
0.201634
0.201596
0.201559
0.201707
0.20167
0.201632
0.201595
0.201743
0.201706
0.201668
0.201816
0.201779
0.201741
0.201704
0.201667
0.201629
0.201592
0.201555
0.201517
0.20148
0.201443
0.201591
0.201553
0.201516
0.201664
0.201811
0.201774
0.201737
0.201884
0.201847
0.201809
0.201957
0.20192
0.201882
0.201845
0.201808
0.201955
0.201918
0.202065
0.202028
0.20199
0.201953
0.2021
0.202063
0.202026
0.201989
0.201951
0.201914
0.201877
0.202024
0.201987
0.20195
0.201912
0.201875
0.201838
0.201801
0.201764
0.201727
0.201874
0.20202
0.202167
0.20213
0.202093
0.202055
0.202202
0.202348
0.202311
0.202274
0.202237
0.2022
0.202346
0.202492
0.202455
0.202418
0.202564
0.202527
0.202673
0.202819
0.202782
0.202928
0.202891
0.202853
0.202816
0.202962
0.202925
0.202888
0.202851
0.202814
0.202777
0.20274
0.202885
0.202848
0.202994
0.202957
0.20292
0.203065
0.203028
0.203173
0.203136
0.203099
0.203062
0.203025
0.202988
0.202951
0.202914
0.202877
0.20284
0.202804
0.202767
0.20273
0.202875
0.202838
0.202801
0.202764
0.202727
0.20269
0.202654
0.202617
0.202762
0.202725
0.202688
0.202833
0.202977
0.202941
0.203085
0.203048
0.203193
0.203156
0.203119
0.203083
0.203046
0.203009
0.202972
0.202935
0.20308
0.203043
0.203006
0.20315
0.203114
0.203077
0.20304
0.203003
0.202967
0.20293
0.202893
0.203037
0.203001
0.202964
0.202927
0.202891
0.202854
0.202817
0.202781
0.202925
0.202888
0.202851
0.202815
0.202778
0.202742
0.202705
0.202849
0.202812
0.202776
0.202919
0.202883
0.203026
0.20299
0.203133
0.203097
0.20306
0.203204
0.203167
0.203131
0.203094
0.203058
0.203021
0.202985
0.202948
0.202912
0.202875
0.202839
0.202802
0.202945
0.202909
0.202873
0.202836
0.2028
0.202943
0.202906
0.20287
0.202834
0.202797
0.202761
0.202725
0.202688
0.202831
0.202795
0.202937
0.202901
0.202865
0.202828
0.202792
0.202756
0.20272
0.202683
0.202647
0.202611
0.202575
0.202538
0.202502
0.202466
0.20243
0.202394
0.202536
0.202679
0.202642
0.202606
0.20257
0.202712
0.202855
0.202818
0.202782
0.202746
0.20271
0.202674
0.202638
0.202602
0.202565
0.202708
0.202671
0.202635
0.202599
0.202563
0.202527
0.202491
0.202455
0.202419
0.202383
0.202347
0.202311
0.202275
0.202239
0.202381
0.202345
0.202309
0.202273
0.202237
0.202379
0.202343
0.202307
0.202271
0.202235
0.202199
0.202164
0.202128
0.202092
0.202233
0.202197
0.202339
0.202303
0.202267
0.202408
0.202373
0.202337
0.202301
0.202265
0.202229
0.202194
0.202158
0.202122
0.202086
0.202051
0.202015
0.201979
0.201943
0.201908
0.201872
0.201836
0.201801
0.201765
0.201906
0.20187
0.201835
0.201799
0.201764
0.201904
0.201869
0.201833
0.201798
0.201762
0.201727
0.201691
0.201656
0.20162
0.201585
0.201549
0.20169
0.201654
0.201619
0.201583
0.201548
0.201512
0.201653
0.201617
0.201582
0.201722
0.201687
0.201651
0.201616
0.201756
0.201721
0.201685
0.201825
0.20179
0.201754
0.201719
0.201684
0.201648
0.201613
0.201753
0.201717
0.201857
0.201822
0.201787
0.201751
0.201716
0.201681
0.201645
0.20161
0.201575
0.20154
0.201504
0.201469
0.201434
0.201399
0.201363
0.201328
0.201293
0.201258
0.201223
0.201188
0.201152
0.201117
0.201082
0.201047
0.201012
0.200977
0.200942
0.201081
0.201046
0.201011
0.200976
0.200941
0.200906
0.200871
0.200836
0.200801
0.200766
0.200731
0.200696
0.200661
0.2008
0.200765
0.200731
0.200696
0.200835
0.2008
0.200939
0.201078
0.201043
0.201008
0.200973
0.200938
0.200903
0.201042
0.201007
0.200972
0.200937
0.200902
0.200867
0.200832
0.200798
0.200763
0.200728
0.200693
0.200658
0.200624
0.200589
0.200727
0.200693
0.200658
0.200623
0.200588
0.200554
0.200519
0.200484
0.20045
0.200415
0.20038
0.200346
0.200311
0.200276
0.200242
0.20038
0.200345
0.200311
0.200276
0.200414
0.20038
0.200345
0.200311
0.200276
0.200241
0.200207
0.200345
0.20031
0.200448
0.200414
0.200379
0.200345
0.20031
0.200276
0.200413
0.200379
0.200344
0.20031
0.200275
0.200241
0.200206
0.200172
0.200138
0.200103
0.200241
0.200206
0.200344
0.200309
0.200275
0.20024
0.200206
0.200172
0.200137
0.200103
0.200069
0.200034
0.200172
0.200137
0.200103
0.200069
0.200034
0.2
0.200137
0.200103
0.200069
0.200034
0.2
0.199966
0.199932
0.200068
0.200205
0.200342
0.200308
0.200274
0.20041
0.200376
0.200342
0.200308
0.200444
0.20041
0.200376
0.200342
0.200307
0.200444
0.20041
0.200375
0.200341
0.200478
0.200444
0.20058
0.200546
0.200512
0.200477
0.200443
0.200409
0.200375
0.200341
0.200307
0.200272
0.200238
0.200204
0.20017
0.200136
0.200102
0.200238
0.200204
0.20017
0.200136
0.200102
0.200068
0.200034
0.2
0.199966
0.200102
0.200068
0.200034
0.2
0.199966
0.199932
0.199898
0.199864
0.2
0.199966
0.199932
0.199898
0.199864
0.199831
0.199797
0.199763
0.199729
0.199695
0.199661
0.199628
0.199594
0.19956
0.199526
0.199492
0.199459
0.199594
0.19956
0.199527
0.199493
0.199459
0.199425
0.199392
0.199358
0.199324
0.199291
0.199257
0.199223
0.19919
0.199156
0.199291
0.199426
0.199561
0.199696
0.199663
0.199629
0.199595
0.199562
0.199528
0.199495
0.199461
0.199427
0.199394
0.19936
0.199495
0.199461
0.199428
0.199394
0.199361
0.199327
0.199294
0.19926
0.199227
0.199193
0.19916
0.199126
0.199093
0.199059
0.199026
0.198992
0.198959
0.198926
0.198892
0.198859
0.198826
0.198792
0.198759
0.198893
0.19886
0.198994
0.198961
0.198927
0.198894
0.198861
0.198827
0.198962
0.199096
0.199062
0.199029
0.198996
0.198963
0.199097
0.199063
0.199197
0.199164
0.199131
0.199264
0.199231
0.199198
0.199165
0.199131
0.199098
0.199065
0.199032
0.199165
0.199132
0.199099
0.199066
0.199032
0.199166
0.199133
0.1991
0.199066
0.199033
0.199
0.198967
0.198934
0.198901
0.199034
0.199001
0.198968
0.198935
0.198901
0.198868
0.199002
0.198969
0.199102
0.199235
0.199202
0.199169
0.199136
0.199269
0.199236
0.199369
0.199336
0.199302
0.199269
0.199236
0.199203
0.19917
0.199137
0.199104
0.199071
0.199204
0.199171
0.199304
0.199271
0.199238
0.199205
0.199171
0.199139
0.199106
0.199073
0.199205
0.199338
0.199305
0.199272
0.199239
0.199206
0.199173
0.19914
0.199107
0.199074
0.199041
0.199008
0.198975
0.198942
0.19891
0.198877
0.198844
0.198811
0.198778
0.198745
0.198713
0.19868
0.198647
0.198779
0.198747
0.198714
0.198681
0.198648
0.198615
0.198583
0.19855
0.198517
0.198649
0.198617
0.198584
0.198551
0.198683
0.198815
0.198947
0.198914
0.198881
0.198849
0.198816
0.198783
0.198751
0.198718
0.198685
0.198817
0.198949
0.198916
0.198883
0.199015
0.199146
0.199114
0.199081
0.199048
0.199016
0.198983
0.19895
0.198918
0.198885
0.198852
0.19882
0.198787
0.198919
0.198886
0.198853
0.198985
0.198952
0.199083
0.199214
0.199345
0.199313
0.19928
0.199248
0.199215
0.199346
0.199477
0.199444
0.199575
0.199542
0.19951
0.199477
0.199445
0.199575
0.199706
0.199837
0.199804
0.199772
0.199739
0.199706
0.199674
0.199641
0.199609
0.199576
0.199544
0.199511
0.199478
0.199446
0.199413
0.199381
0.199349
0.199479
0.199446
0.199414
0.199382
0.199512
0.199479
0.199447
0.199414
0.199545
0.199512
0.19948
0.199447
0.199415
0.199383
0.19935
0.199318
0.199285
0.199253
0.199221
0.199188
0.199156
0.199124
0.199091
0.199059
0.199027
0.198994
0.198962
0.19893
0.198898
0.198865
0.198995
0.198963
0.198931
0.198899
0.198866
0.198996
0.198964
0.199094
0.199061
0.199191
0.199159
0.199126
0.199094
0.199062
0.19903
0.198998
0.198966
0.199095
0.199224
0.199192
0.199322
0.199289
0.199257
0.199225
0.199193
0.199161
0.199129
0.199258
0.199226
0.199194
0.199161
0.199291
0.199258
0.199226
0.199194
0.199162
0.19913
0.199098
0.199066
0.199195
0.199163
0.199131
0.199099
0.199067
0.199035
0.199003
0.198971
0.198939
0.198907
0.199035
0.199003
0.198971
0.198939
0.198907
0.198876
0.198844
0.198812
0.19878
0.198748
0.198716
0.198684
0.198652
0.19862
0.198749
0.198717
0.198685
0.198814
0.198942
0.19891
0.198878
0.198846
0.198814
0.198943
0.199071
0.199199
0.199167
0.199136
0.199264
0.199232
0.1992
0.199168
0.199136
0.199104
0.199073
0.199041
0.199009
0.198977
0.198945
0.199073
0.199042
0.19901
0.199138
0.199106
0.199074
0.199042
0.199011
0.199138
0.199107
0.199075
0.199203
0.199171
0.199139
0.199107
0.199235
0.199203
0.199331
0.199299
0.199267
0.199236
0.199204
0.199172
0.1993
0.199268
0.199395
0.199364
0.199332
0.1993
0.199268
0.199237
0.199205
0.199173
0.199142
0.19911
0.199078
0.199047
0.199015
0.198984
0.198952
0.19892
0.198889
0.198857
0.198826
0.198794
0.198763
0.198731
0.198858
0.198827
0.198795
0.198764
0.198732
0.198701
0.198669
0.198638
0.198765
0.198733
0.198702
0.198829
0.198797
0.198766
0.198734
0.198861
0.198829
0.198956
0.198925
0.199051
0.19902
0.198988
0.198957
0.198926
0.199052
0.199021
0.198989
0.198958
0.198926
0.198895
0.198864
0.198832
0.198801
0.19877
0.198896
0.198865
0.198833
0.198802
0.19877
0.198897
0.198865
0.198992
0.19896
0.198929
0.198898
0.198866
0.198835
0.198961
0.199087
0.199056
0.199182
0.199151
0.199119
0.199088
0.199057
0.199183
0.199151
0.19912
0.199089
0.199057
0.199026
0.198995
0.198964
0.198932
0.198901
0.19887
0.198996
0.198964
0.19909
0.199059
0.199028
0.199153
0.199279
0.199248
0.199216
0.199185
0.199154
0.199123
0.199248
0.199374
0.199499
0.199468
0.199436
0.199405
0.199374
0.199499
0.199468
0.199437
0.199406
0.199375
0.1995
0.199468
0.199437
0.199406
0.199375
0.199344
0.199313
0.199282
0.19925
0.199219
0.199188
0.199157
0.199126
0.199095
0.199064
0.199033
0.199002
0.198971
0.19894
0.198909
0.199034
0.199003
0.199127
0.199096
0.199065
0.199034
0.199003
0.199128
0.199097
0.199066
0.199035
0.199004
0.198973
0.198942
0.198911
0.19888
0.198849
0.198974
0.198943
0.198912
0.198881
0.19885
0.19882
0.198789
0.198758
0.198727
0.198851
0.19882
0.198945
0.198914
0.198883
0.198852
0.198821
0.198946
0.198915
0.199039
0.199008
0.198977
0.198946
0.198916
0.198885
0.198854
0.198823
0.198792
0.198916
0.198886
0.198855
0.198824
0.198793
0.198763
0.198732
0.198856
0.198825
0.198794
0.198918
0.198887
0.199011
0.199135
0.199104
0.199073
0.199197
0.199166
0.199136
0.199259
0.199228
0.199198
0.199167
0.19929
0.19926
0.199229
0.199352
0.199322
0.199291
0.19926
0.19923
0.199199
0.199168
0.199138
0.199107
0.199076
0.199046
0.199015
0.198984
0.198954
0.198923
0.198892
0.198862
0.198831
0.198801
0.19877
0.19874
0.198863
0.198986
0.198955
0.198925
0.198894
0.198864
0.198833
0.198956
0.198926
0.198895
0.198865
0.198987
0.19911
0.199233
0.199203
0.199325
0.199295
0.199418
0.199387
0.199356
0.199479
0.199449
0.199418
0.199387
0.199357
0.199326
0.199296
0.199418
0.199388
0.19951
0.19948
0.199449
0.199419
0.199388
0.199358
0.199327
0.19945
0.199419
0.199389
0.199358
0.199328
0.199298
0.199267
0.199237
0.199359
0.199328
0.199298
0.199268
0.19939
0.199359
0.199329
0.199299
0.199421
0.19939
0.19936
0.199329
0.199299
0.199421
0.199391
0.19936
0.19933
0.199452
0.199422
0.199391
0.199361
0.19933
0.1993
0.19927
0.19924
0.199209
0.199179
0.199149
0.199118
0.199088
0.19921
0.19918
0.199149
0.199119
0.199089
0.199059
0.19918
0.19915
0.19912
0.19909
0.199059
0.199029
0.199151
0.19912
0.19909
0.199212
0.199181
0.199151
0.199121
0.199091
0.199061
0.199031
0.199
0.19897
0.19894
0.19891
0.19888
0.199001
0.198971
0.198941
0.198911
0.198881
0.199002
0.199123
0.199093
0.199063
0.199033
0.199003
0.198973
0.198943
0.198913
0.198883
0.198852
0.198822
0.198792
0.198762
0.198883
0.198853
0.198823
0.198793
0.198914
0.198884
0.198854
0.198975
0.199096
0.199216
0.199337
0.199458
0.199428
0.199398
0.199368
0.199488
0.199609
0.199579
0.199549
0.199519
0.199488
0.199458
0.199428
0.199399
0.199519
0.199639
0.199609
0.199579
0.199549
0.199519
0.199489
0.199459
0.199429
0.19955
0.19967
0.19964
0.19961
0.19958
0.19955
0.19967
0.19964
0.19961
0.19958
0.19955
0.19952
0.19949
0.19961
0.19973
0.19985
0.19982
0.19979
0.19991
0.19988
0.2
0.19997
0.19994
0.20006
0.20003
0.2
0.19997
0.19994
0.19991
0.20003
0.2
0.19997
0.19994
0.20006
0.20003
0.2
0.19997
0.20009
0.20006
0.20003
0.2
0.19997
0.19994
0.20006
0.20003
0.200149
0.200119
0.200089
0.20006
0.20003
0.2
0.19997
0.19994
0.20006
0.20003
0.200149
0.200119
0.200238
0.200208
0.200179
0.200298
0.200268
0.200387
0.200357
0.200476
0.200446
0.200416
0.200387
0.200357
0.200327
0.200297
0.200267
0.200238
0.200356
0.200327
0.200297
0.200416
0.200386
0.200356
0.200326
0.200297
0.200267
0.200386
0.200504
0.200475
0.200445
0.200415
0.200385
0.200356
0.200326
0.200296
0.200267
0.200237
0.200355
0.200326
0.200296
0.200266
0.200237
0.200207
0.200178
0.200148
0.200118
0.200089
0.200059
0.200177
0.200148
0.200266
0.200236
0.200207
0.200325
0.200295
0.200414
0.200384
0.200354
0.200325
0.200443
0.200561
0.200531
0.200502
0.200472
0.200442
0.200413
0.200383
0.200354
0.200324
0.200442
0.200413
0.20053
0.200648
0.200619
0.200589
0.20056
0.20053
0.200648
0.200618
0.200589
0.200559
0.20053
0.2005
0.200471
0.200441
0.200412
0.200529
0.2005
0.20047
0.200441
0.200411
0.200382
0.200353
0.200323
0.200294
0.200264
0.200235
0.200205
0.200176
0.200147
0.200117
0.200088
0.200059
0.200029
0.200147
0.200264
0.200235
0.200205
0.200176
0.200147
0.200264
0.200234
0.200205
0.200322
0.200293
0.20041
0.200381
0.200351
0.200468
0.200439
0.20041
0.20038
0.200351
0.200322
0.200292
0.200409
0.200526
0.200497
0.200468
0.200438
0.200409
0.20038
0.20035
0.200321
0.200292
0.200263
0.200234
0.200204
0.200175
0.200146
0.200117
0.200088
0.200058
0.200029
0.2
0.199971
0.199942
0.199913
0.199883
0.199854
0.199825
0.199942
0.199913
0.200029
0.2
0.199971
0.199942
0.199913
0.199884
0.2
0.199971
0.199942
0.199913
0.199884
0.199855
0.199971
0.199942
0.200058
0.200174
0.200145
0.200116
0.200087
0.200058
0.200029
0.200145
0.200116
0.200232
0.200348
0.200319
0.20029
0.200261
0.200232
0.200203
0.200174
0.20029
0.200261
0.200232
0.200203
0.200319
0.20029
0.200405
0.200376
0.200347
0.200463
0.200434
0.20055
0.200521
0.200492
0.200463
0.200434
0.200549
0.20052
0.200491
0.200462
0.200434
0.200405
0.200376
0.200347
0.200318
0.200289
0.20026
0.200231
0.200202
0.200173
0.200289
0.20026
0.200231
0.200202
0.200173
0.200144
0.20026
0.200231
0.200202
0.200173
0.200144
0.200115
0.200086
0.200058
0.200029
0.2
0.200115
0.200086
0.200058
0.200029
0.200144
0.200115
0.200086
0.200058
0.200029
0.2
0.199971
0.199942
0.199914
0.199885
0.199856
0.199828
0.199799
0.199914
0.200029
0.2
0.199971
0.200086
0.200201
0.200316
0.200287
0.200258
0.200373
0.200344
0.200315
0.200287
0.200258
0.200229
0.200344
0.200459
0.20043
0.200401
0.200372
0.200344
0.200315
0.200286
0.200401
0.200515
0.20063
0.200601
0.200715
0.200687
0.200658
0.200629
0.200743
0.200715
0.200829
0.200943
0.200915
0.200886
0.200857
0.200971
0.200943
0.200914
0.200885
0.200857
0.200828
0.200799
0.200771
0.200742
0.200856
0.20097
0.200941
0.200913
0.200884
0.200855
0.200969
0.200941
0.200912
0.200883
0.200855
0.200826
0.200797
0.200911
0.200883
0.200854
0.200826
0.200797
0.200768
0.20074
0.200853
0.200825
0.200796
0.20091
0.201024
0.200995
0.200966
0.200938
0.200909
0.200881
0.200852
0.200824
0.200795
0.200767
0.200738
0.20071
0.200823
0.200937
0.200908
0.201021
0.200993
0.200964
0.200936
0.201049
0.201021
0.200992
0.200964
0.200935
0.200907
0.200878
0.20085
0.200821
0.200935
0.200906
0.200878
0.200849
0.200821
0.200792
0.200764
0.200736
0.200707
0.200679
0.200792
0.200763
0.200735
0.200707
0.20082
0.200791
0.200763
0.200735
0.200706
0.200678
0.20065
0.200621
0.200593
0.200706
0.200677
0.20079
0.200903
0.200875
0.200846
0.200818
0.20079
0.200761
0.200733
0.200705
0.200676
0.200648
0.20062
0.200732
0.200704
0.200676
0.200648
0.20076
0.200873
0.200985
0.200957
0.200929
0.201041
0.201013
0.200985
0.200956
0.200928
0.2009
0.200872
0.200843
0.200956
0.200927
0.20104
0.201011
0.200983
0.200955
0.201067
0.201039
0.201011
0.200982
0.200954
0.201066
0.201178
0.201291
0.201403
0.201374
0.201486
0.201458
0.20143
0.201542
0.201513
0.201485
0.201457
0.201429
0.201401
0.201512
0.201484
0.201456
0.201428
0.20154
0.201511
0.201483
0.201455
0.201427
0.201399
0.20137
0.201342
0.201314
0.201286
0.201258
0.20123
0.201202
0.201174
0.201145
0.201117
0.201089
0.201061
0.201033
0.201145
0.201117
0.201228
0.2012
0.201172
0.201144
0.201255
0.201227
0.201199
0.20131
0.201282
0.201254
0.201366
0.201338
0.20131
0.201282
0.201393
0.201365
0.201337
0.201309
0.20142
0.201392
0.201364
0.201336
0.201308
0.201419
0.201391
0.201363
0.201335
0.201307
0.201279
0.201251
0.201223
0.201195
0.201167
0.201139
0.201111
0.201083
0.201055
0.201027
0.200999
0.200972
0.201082
0.201055
0.201165
0.201137
0.201248
0.20122
0.201192
0.201165
0.201137
0.201109
0.201081
0.201053
0.201025
0.200997
0.20097
0.200942
0.200914
0.200886
0.200858
0.20083
0.200941
0.201052
0.201024
0.201134
0.201107
0.201079
0.201051
0.201023
0.200995
0.201106
0.201078
0.201188
0.201161
0.201271
0.201243
0.201215
0.201326
0.201436
0.201408
0.20138
0.201352
0.201325
0.201297
0.201269
0.201241
0.201214
0.201186
0.201158
0.20113
0.201103
0.201075
0.201047
0.20102
0.200992
0.200964
0.200937
0.200909
0.200881
0.200854
0.200826
0.200798
0.200771
0.200743
0.200853
0.200825
0.200798
0.20077
0.20088
0.20099
0.200962
0.200935
0.200907
0.201017
0.200989
0.200962
0.201071
0.201044
0.201016
0.200988
0.200961
0.200933
0.200906
0.201015
0.200988
0.20096
0.20107
0.201042
0.201015
0.200987
0.20096
0.200932
0.200904
0.201014
0.201123
0.201233
0.201205
0.201315
0.201287
0.20126
0.201369
0.201341
0.201314
0.201423
0.201396
0.201368
0.201477
0.20145
0.201422
0.201531
0.20164
0.201613
0.201585
0.201558
0.20153
0.201639
0.201748
0.201721
0.201693
0.201802
0.201775
0.201747
0.20172
0.201692
0.201665
0.201637
0.20161
0.201582
0.201555
0.201663
0.201772
0.201881
0.201854
0.201826
0.201935
0.201907
0.20188
0.201852
0.201825
0.201797
0.20177
0.201879
0.201851
0.20196
0.201932
0.201905
0.201877
0.20185
0.201822
0.201795
0.201903
0.202012
0.201985
0.201957
0.202065
0.202174
0.202146
0.202119
0.202092
0.202064
0.202037
0.202009
0.201982
0.20209
0.202198
0.202171
0.202144
0.202116
0.202089
0.202061
0.202034
0.202142
0.202115
0.202223
0.202195
0.202168
0.202276
0.202249
0.202221
0.202194
0.202167
0.202139
0.202112
0.202084
0.202057
0.20203
0.202002
0.201975
0.201948
0.20192
0.201893
0.201866
0.201839
0.201811
0.201919
0.201892
0.201865
0.201837
0.20181
0.201783
0.201756
0.201863
0.201836
0.201809
0.201782
0.201754
0.201727
0.201835
0.201808
0.201915
0.201888
0.201996
0.202103
0.202076
0.202049
0.202156
0.202129
0.202102
0.202209
0.202182
0.202155
0.202128
0.2021
0.202073
0.202046
0.202019
0.201992
0.201964
0.201937
0.20191
0.201883
0.201856
0.201829
0.201802
0.201774
0.201747
0.20172
0.201693
0.201666
0.201639
0.201612
0.201719
0.201692
0.201665
0.201638
0.201611
0.201584
0.201557
0.20153
0.201503
0.201476
0.201449
0.201421
0.201394
0.201367
0.20134
0.201448
0.201555
0.201528
0.201501
0.201474
0.201447
0.20142
0.201527
0.201633
0.201606
0.201579
0.201552
0.201525
0.201499
0.201472
0.201578
0.201551
0.201524
0.201498
0.201604
0.201577
0.201684
0.201657
0.20163
0.201603
0.201576
0.201549
0.201656
0.201629
0.201602
0.201575
0.201548
0.201655
0.201628
0.201601
0.201574
0.201547
0.201654
0.201627
0.2016
0.201573
0.20168
0.201653
0.201759
0.201732
0.201705
0.201678
0.201652
0.201625
0.201598
0.201571
0.201677
0.20165
0.201624
0.201597
0.20157
0.201543
0.201516
0.20149
0.201596
0.201569
0.201675
0.201648
0.201621
0.201595
0.201568
0.201541
0.201647
0.20162
0.201726
0.2017
0.201673
0.201646
0.201619
0.201593
0.201566
0.201539
0.201512
0.201486
0.201459
0.201565
0.201538
0.201511
0.201485
0.20159
0.201564
0.201537
0.20151
0.201616
0.201722
0.201695
0.201668
0.201642
0.201615
0.201721
0.201694
0.201667
0.201641
0.201746
0.20172
0.201693
0.201798
0.201904
0.201877
0.201851
0.201824
0.201797
0.201771
0.201744
0.201717
0.201823
0.201796
0.201769
0.201743
0.201848
0.201954
0.201927
0.2019
0.201874
0.201847
0.20182
0.201926
0.201899
0.202004
0.201978
0.201951
0.202056
0.20203
0.202003
0.202108
0.202213
0.202187
0.20216
0.202133
0.202107
0.20208
0.202053
0.202027
0.202
0.202105
0.202079
0.202052
0.202157
0.20213
0.202235
0.202209
0.202182
0.202156
0.202129
0.202102
0.202076
0.202049
0.202023
0.201996
0.20197
0.201943
0.201917
0.20189
0.201864
0.201837
0.201811
0.201784
0.201758
0.201863
0.201836
0.20181
0.201914
0.201888
0.201861
0.201835
0.201808
0.201782
0.201756
0.201729
0.201834
0.201807
0.201781
0.201885
0.20199
0.201963
0.201937
0.20191
0.201884
0.201988
0.201962
0.201936
0.201909
0.202014
0.201987
0.201961
0.201934
0.201908
0.201882
0.201855
0.20196
0.201933
0.201907
0.20188
0.201854
0.201958
0.201932
0.202036
0.20214
0.202114
0.202087
0.202061
0.202035
0.202008
0.202112
0.202086
0.20219
0.202164
0.202137
0.202111
0.202215
0.202189
0.202162
0.202136
0.20211
0.202083
0.202187
0.202161
0.202135
0.202238
0.202342
0.202316
0.20242
0.202393
0.202367
0.202341
0.202314
0.202288
0.202262
0.202236
0.202209
0.202183
0.202157
0.20213
0.202104
0.202078
0.202052
0.202155
0.202259
0.202233
0.202206
0.20218
0.202284
0.202257
0.202231
0.202335
0.202308
0.202282
0.202386
0.202359
0.202333
0.202307
0.202281
0.202254
0.202228
0.202202
0.202176
0.20215
0.202253
0.202356
0.20233
0.202304
0.202407
0.202381
0.202355
0.202458
0.202432
0.202406
0.202379
0.202353
0.202327
0.202301
0.202275
0.202378
0.202352
0.202326
0.202299
0.202273
0.202247
0.202221
0.202195
0.202169
0.202272
0.202375
0.202349
0.202452
0.202555
0.202528
0.202502
0.202476
0.20245
0.202424
0.202398
0.202372
0.202346
0.20232
0.202294
0.202267
0.202241
0.202344
0.202447
0.20255
0.202523
0.202497
0.202471
0.202574
0.202548
0.202522
0.202496
0.20247
0.202444
0.202546
0.20252
0.202494
0.202468
0.202442
0.202416
0.20239
0.202364
0.202338
0.202312
0.202286
0.20226
0.202234
0.202208
0.202182
0.202156
0.202259
0.202361
0.202335
0.202309
0.202283
0.202257
0.202231
0.202334
0.202308
0.202282
0.202256
0.20223
0.202332
0.202306
0.20228
0.202382
0.202485
0.202459
0.202433
0.202535
0.202509
0.202611
0.202713
0.202687
0.202661
0.202635
0.202609
0.202583
0.202558
0.202532
0.202506
0.20248
0.202582
0.202556
0.20253
0.202504
0.202478
0.202452
0.202427
0.202401
0.202503
0.202477
0.202451
0.202425
0.202527
0.202501
0.202475
0.202577
0.202551
0.202525
0.202627
0.202601
0.202575
0.202549
0.202524
0.202498
0.202472
0.202574
0.202548
0.202522
0.202496
0.20247
0.202445
0.202419
0.202393
0.202367
0.202342
0.202443
0.202417
0.202519
0.202493
0.202467
0.202441
0.202416
0.20239
0.202364
0.202339
0.202313
0.202414
0.202389
0.202363
0.202337
0.202311
0.202286
0.20226
0.202361
0.202336
0.20231
0.202284
0.202259
0.202233
0.202207
0.202308
0.202283
0.202257
0.202232
0.202333
0.202307
0.202281
0.202256
0.20223
0.202204
0.202179
0.202153
0.202128
0.202102
0.202076
0.202051
0.202025
0.202
0.202101
0.202075
0.202176
0.202151
0.202125
0.202099
0.202074
0.202175
0.202149
0.20225
0.202224
0.202325
0.2023
0.202274
0.202249
0.202349
0.20245
0.202425
0.202399
0.202373
0.202474
0.202575
0.202549
0.202524
0.202498
0.202473
0.202573
0.202674
0.202774
0.202749
0.202723
0.202698
0.202672
0.202647
0.202621
0.202595
0.20257
0.202544
0.202519
0.202493
0.202594
0.202568
0.202669
0.202643
0.202618
0.202592
0.202567
0.202541
0.202516
0.202616
0.202591
0.202565
0.20254
0.202514
0.202489
0.202589
0.202563
0.202538
0.202513
0.202613
0.202587
0.202562
0.202536
0.202511
0.202486
0.202586
0.20256
0.202535
0.202509
0.202609
0.202584
0.202559
0.202533
0.202508
0.202482
0.202457
0.202432
0.202406
0.202381
0.202356
0.20233
0.202305
0.20228
0.202379
0.202354
0.202329
0.202303
0.202278
0.202253
0.202353
0.202452
0.202427
0.202402
0.202502
0.202476
0.202451
0.202426
0.2024
0.202375
0.20235
0.202324
0.202299
0.202274
0.202249
0.202223
0.202198
0.202298
0.202272
0.202247
0.202222
0.202322
0.202421
0.202396
0.202371
0.202345
0.20232
0.20242
0.202394
0.202369
0.202344
0.202319
0.202293
0.202393
0.202368
0.202342
0.202442
0.202417
0.202516
0.202491
0.202465
0.20244
0.202415
0.20239
0.202365
0.202339
0.202314
0.202289
0.202264
0.202239
0.202338
0.202313
0.202412
0.202387
0.202362
0.202337
0.202311
0.202411
0.202385
0.20236
0.202335
0.20231
0.202285
0.20226
0.202235
0.20221
0.202184
0.202159
0.202134
0.202109
0.202208
0.202307
0.202282
0.202257
0.202232
0.202207
0.202182
0.202157
0.202132
0.202107
0.202082
0.202056
0.202031
0.202006
0.202105
0.20208
0.202055
0.20203
0.202129
0.202228
0.202203
0.202178
0.202153
0.202128
0.202226
0.202201
0.202176
0.202151
0.202126
0.202101
0.202076
0.202051
0.202026
0.202125
0.2021
0.202075
0.20205
0.202025
0.202
0.201975
0.20195
0.202049
0.202024
0.201999
0.201974
0.202073
0.202048
0.202023
0.201998
0.201973
0.201948
0.201923
0.202021
0.20212
0.202095
0.20207
0.202045
0.20202
0.201995
0.20197
0.201946
0.201921
0.201896
0.201871
0.201846
0.201821
0.201796
0.201772
0.201747
0.201722
0.201697
0.201672
0.201648
0.201623
0.201598
0.201573
0.201548
0.201524
0.201622
0.201597
0.201695
0.20167
0.201646
0.201621
0.201596
0.201571
0.201669
0.201645
0.201743
0.201718
0.201693
0.201668
0.201644
0.201619
0.201594
0.201569
0.201545
0.20152
0.201495
0.201471
0.201446
0.201421
0.201519
0.201494
0.201592
0.201567
0.201665
0.201641
0.201616
0.201591
0.201567
0.201542
0.201517
0.201493
0.20159
0.201688
0.201663
0.201639
0.201614
0.201589
0.201565
0.201662
0.20176
0.201735
0.20171
0.201686
0.201661
0.201637
0.201612
0.201587
0.201685
0.20166
0.201636
0.201733
0.201708
0.201684
0.201659
0.201635
0.20161
0.201585
0.201561
0.201658
0.201634
0.201609
0.201706
0.201682
0.201657
0.201633
0.20173
0.201705
0.201802
0.2019
0.201875
0.201851
0.201826
0.201801
0.201777
0.201752
0.201728
0.201703
0.2018
0.201776
0.201751
0.201727
0.201702
0.201678
0.201653
0.201629
0.201604
0.20158
0.201677
0.201652
0.201628
0.201603
0.201579
0.201554
0.20153
0.201505
0.201481
0.201456
0.201432
0.201407
0.201383
0.201359
0.201455
0.201431
0.201528
0.201503
0.2016
0.201576
0.201551
0.201527
0.201624
0.20172
0.201696
0.201793
0.201768
0.201744
0.201719
0.201695
0.201792
0.201888
0.201864
0.201839
0.201815
0.20179
0.201766
0.201742
0.201717
0.201693
0.201668
0.201644
0.20162
0.201595
0.201571
0.201667
0.201643
0.201619
0.201594
0.20157
0.201546
0.201642
0.201618
0.201593
0.201569
0.201545
0.20152
0.201496
0.201472
0.201448
0.201423
0.201399
0.201375
0.20135
0.201326
0.201302
0.201278
0.201374
0.20135
0.201325
0.201422
0.201397
0.201373
0.201469
0.201565
0.201541
0.201637
0.201613
0.201589
0.201564
0.20154
0.201516
0.201612
0.201588
0.201563
0.201539
0.201515
0.201491
0.201467
0.201442
0.201418
0.201394
0.20149
0.201586
0.201682
0.201657
0.201633
0.201609
0.201585
0.201681
0.201656
0.201632
0.201608
0.201704
0.20168
0.201775
0.201751
0.201727
0.201703
0.201679
0.201654
0.20163
0.201606
0.201582
0.201558
0.201534
0.201629
0.201605
0.201701
0.201677
0.201652
0.201748
0.201844
0.201819
0.201795
0.201771
0.201747
0.201723
0.201699
0.201675
0.20177
0.201746
0.201722
0.201698
0.201674
0.20165
0.201625
0.201601
0.201697
0.201792
0.201768
0.201744
0.20172
0.201815
0.201791
0.201767
0.201743
0.201719
0.201695
0.201671
0.201647
0.201623
0.201718
0.201813
0.201789
0.201765
0.20186
0.201955
0.201931
0.201907
0.201883
0.201859
0.201835
0.201811
0.201787
0.201763
0.201739
0.201715
0.201691
0.201667
0.201643
0.201619
0.201595
0.201571
0.201547
0.201523
0.201499
0.201475
0.20157
0.201546
0.201522
0.201617
0.201593
0.201688
0.201664
0.20164
0.201616
0.201592
0.201568
0.201544
0.201639
0.201615
0.20171
0.201686
0.201662
0.201638
0.201614
0.20159
0.201566
0.201661
0.201637
0.201732
0.201708
0.201684
0.20166
0.201754
0.20173
0.201707
0.201683
0.201659
0.201635
0.201611
0.201587
0.201563
0.201539
0.201516
0.201492
0.201468
0.201444
0.20142
0.201515
0.201491
0.201467
0.201443
0.201419
0.201395
0.201372
0.201348
0.201324
0.201418
0.201395
0.201371
0.201347
0.201323
0.201299
0.201276
0.201252
0.201228
0.201204
0.201181
0.201275
0.201251
0.201345
0.20144
0.201534
0.20151
0.201604
0.201581
0.201557
0.201533
0.201509
0.201485
0.201462
0.201438
0.201414
0.201391
0.201367
0.201343
0.201437
0.201413
0.20139
0.201484
0.20146
0.201436
0.20153
0.201507
0.201483
0.201459
0.201435
0.201412
0.201388
0.201364
0.201341
0.201317
0.201293
0.20127
0.201246
0.20134
0.201316
0.20141
0.201386
0.201363
0.201339
0.201315
0.201292
0.201268
0.201245
0.201221
0.201197
0.201174
0.20115
0.201127
0.201103
0.201197
0.201173
0.201149
0.201126
0.201102
0.201196
0.201172
0.201149
0.201242
0.201219
0.201195
0.201289
0.201265
0.201242
0.201335
0.201312
0.201288
0.201264
0.201241
0.201217
0.201311
0.201287
0.201381
0.201357
0.201334
0.20131
0.201287
0.20138
0.201356
0.201333
0.201309
0.201286
0.201262
0.201239
0.201215
0.201192
0.201285
0.201378
0.201355
0.201331
0.201308
0.201284
0.201261
0.201237
0.201214
0.20119
0.201167
0.20126
0.201353
0.20133
0.201306
0.201283
0.201259
0.201236
0.201329
0.201306
0.201399
0.201492
0.201468
0.201445
0.201421
0.201398
0.201374
0.201351
0.201444
0.201537
0.201513
0.20149
0.201466
0.201443
0.20142
0.201396
0.201489
0.201466
0.201442
0.201535
0.201628
0.201604
0.201697
0.201674
0.20165
0.201627
0.201604
0.20158
0.201557
0.201533
0.20151
0.201603
0.201579
0.201556
0.201532
0.201625
0.201602
0.201578
0.201555
0.201531
0.201508
0.201485
0.201461
0.201438
0.201415
0.201391
0.201368
0.201461
0.201553
0.20153
0.201506
0.201483
0.20146
0.201436
0.201413
0.20139
0.201366
0.201459
0.201436
0.201528
0.201505
0.201597
0.201574
0.20155
0.201527
0.201504
0.20148
0.201457
0.201434
0.201526
0.201618
0.201595
0.201687
0.201664
0.201641
0.201618
0.20171
0.201687
0.201663
0.20164
0.201617
0.201593
0.201686
0.201662
0.201754
0.201731
0.201823
0.201915
0.201892
0.201869
0.201845
0.201822
0.201914
0.201891
0.201868
0.201844
0.201936
0.201913
0.20189
0.201867
0.201843
0.20182
0.201797
0.201889
0.201981
0.201957
0.201934
0.201911
0.201888
0.201864
0.201841
0.201933
0.20191
0.201887
0.201863
0.201955
0.201932
0.201909
0.201885
0.201862
0.201839
0.201816
0.201908
0.201884
0.201976
0.201953
0.20193
0.201907
0.201883
0.20186
0.201952
0.201929
0.201905
0.201997
0.202089
0.20218
0.202272
0.202248
0.202225
0.202202
0.202294
0.20227
0.202247
0.202224
0.202201
0.202178
0.202154
0.202131
0.202108
0.202085
0.202176
0.202153
0.20213
0.202107
0.202084
0.202061
0.202038
0.202014
0.201991
0.201968
0.201945
0.201922
0.201899
0.201876
0.201853
0.20183
0.201807
0.201783
0.201875
0.201852
0.201829
0.201806
0.201782
0.201759
0.201851
0.201828
0.201804
0.201781
0.201758
0.201735
0.201826
0.201803
0.20178
0.201757
0.201734
0.201711
0.201688
0.201665
0.201642
0.201619
0.201596
0.201573
0.20155
0.201527
0.201504
0.201481
0.201572
0.20155
0.201527
0.201504
0.201481
0.201458
0.201435
0.201412
0.201389
0.201366
0.201457
0.201434
0.201525
0.201616
0.201706
0.201797
0.201774
0.201751
0.201728
0.201706
0.201683
0.20166
0.201637
0.201727
0.201705
0.201682
0.201659
0.201636
0.201613
0.20159
0.201567
0.201544
0.201521
0.201498
0.201476
0.201453
0.20143
0.201407
0.201384
0.201361
0.201452
0.201542
0.201633
0.20161
0.201587
0.201564
0.201542
0.201632
0.201609
0.201586
0.201564
0.201541
0.201518
0.201495
0.201472
0.201449
0.201427
0.201404
0.201381
0.201358
0.201335
0.201313
0.20129
0.201267
0.201244
0.201222
0.201199
0.201176
0.201153
0.201131
0.201221
0.201311
0.201288
0.201379
0.201356
0.201333
0.20131
0.201288
0.201265
0.201242
0.20122
0.201197
0.201287
0.201264
0.201242
0.201219
0.201196
0.201173
0.201151
0.201128
0.201105
0.201195
0.201286
0.201376
0.201466
0.201443
0.20142
0.20151
0.201487
0.201465
0.201442
0.201419
0.201397
0.201374
0.201464
0.201441
0.201419
0.201396
0.201373
0.201351
0.201328
0.201305
0.201283
0.201372
0.20135
0.201327
0.201305
0.201282
0.201259
0.201237
0.201326
0.201304
0.201281
0.201259
0.201236
0.201213
0.201303
0.20128
0.201258
0.201235
0.201213
0.20119
0.201167
0.201257
0.201347
0.201436
0.201414
0.201391
0.201481
0.201458
0.201548
0.201637
0.201615
0.201592
0.20157
0.201547
0.201524
0.201502
0.201479
0.201457
0.201434
0.201411
0.201389
0.201366
0.201344
0.201433
0.201411
0.201388
0.201477
0.201455
0.201432
0.20141
0.201387
0.201477
0.201566
0.201543
0.201633
0.20161
0.201699
0.201677
0.201654
0.201632
0.201721
0.201699
0.201676
0.201653
0.201631
0.201608
0.201586
0.201563
0.201653
0.201742
0.201719
0.201697
0.201786
0.201875
0.201964
0.201941
0.201919
0.201896
0.201874
0.201851
0.201829
0.201806
0.201784
0.201761
0.20185
0.201828
0.201805
0.201783
0.20176
0.201738
0.201715
0.201804
0.201782
0.201759
0.201737
0.201714
0.201692
0.201669
0.201647
0.201625
0.201602
0.20158
0.201557
0.201535
0.201512
0.201601
0.201579
0.201668
0.201645
0.201623
0.2016
0.201689
0.201667
0.201644
0.201622
0.201599
0.201577
0.201555
0.201532
0.20151
0.201488
0.201576
0.201554
0.201531
0.201509
0.201487
0.201464
0.201442
0.20142
0.201397
0.201375
0.201353
0.20133
0.201308
0.201397
0.201374
0.201352
0.20133
0.201307
0.201396
0.201374
0.201462
0.20155
0.201528
0.201506
0.201483
0.201461
0.201439
0.201527
0.201505
0.201483
0.20146
0.201549
0.201526
0.201504
0.201592
0.20157
0.201548
0.201526
0.201503
0.201481
0.201459
0.201436
0.201414
0.201502
0.20148
0.201458
0.201436
0.201413
0.201391
0.201369
0.201347
0.201435
0.201413
0.201501
0.201479
0.201456
0.201434
0.201412
0.20139
0.201367
0.201345
0.201323
0.201301
0.201279
0.201256
0.201345
0.201433
0.20141
0.201498
0.201476
0.201454
0.201432
0.20141
0.201387
0.201365
0.201343
0.201321
0.201299
0.201277
0.201254
0.201232
0.20121
0.201188
0.201166
0.201254
0.201232
0.201209
0.201187
0.201165
0.201143
0.201121
0.201099
0.201077
0.201055
0.201033
0.201011
0.200988
0.200966
0.201054
0.201032
0.20101
0.200988
0.200966
0.200944
0.200922
0.2009
0.200878
0.200965
0.200943
0.200921
0.200899
0.200987
0.201074
0.201052
0.20114
0.201228
0.201315
0.201293
0.201271
0.201249
0.201227
0.201205
0.201292
0.20127
0.201358
0.201336
0.201314
0.201292
0.20127
0.201248
0.201226
0.201203
0.201181
0.201159
0.201137
0.201115
0.201093
0.201181
0.201159
0.201137
0.201115
0.201202
0.20118
0.201158
0.201136
0.201114
0.201202
0.201289
0.201267
0.201245
0.201223
0.201201
0.201179
0.201266
0.201244
0.201331
0.201309
0.201287
0.201265
0.201243
0.201331
0.201309
0.201396
0.201374
0.201461
0.201439
0.201417
0.201395
0.201373
0.20146
0.201438
0.201416
0.201394
0.201372
0.201459
0.201546
0.201524
0.201611
0.201589
0.201567
0.201545
0.201523
0.201501
0.20148
0.201458
0.201436
0.201414
0.201392
0.201479
0.201457
0.201435
0.201522
0.2015
0.201478
0.201456
0.201434
0.201412
0.20139
0.201369
0.201455
0.201433
0.201412
0.20139
0.201368
0.201346
0.201324
0.201302
0.20128
0.201367
0.201345
0.201323
0.201302
0.20128
0.201258
0.201236
0.201214
0.201192
0.201171
0.201149
0.201127
0.201105
0.201083
0.20117
0.201148
0.201126
0.201213
0.201191
0.201278
0.201256
0.201342
0.20132
0.201299
0.201277
0.201255
0.201233
0.20132
0.201298
0.201384
0.201363
0.201341
0.201319
0.201405
0.201492
0.20147
0.201448
0.201426
0.201405
0.201383
0.201361
0.201339
0.201318
0.201404
0.201382
0.20136
0.201339
0.201425
0.201403
0.201381
0.20136
0.201338
0.201316
0.201402
0.201381
0.201467
0.201445
0.201531
0.201509
0.201488
0.201466
0.201444
0.201423
0.201401
0.201379
0.201357
0.201336
0.201422
0.2014
0.201486
0.201464
0.20155
0.201529
0.201507
0.201485
0.201464
0.20155
0.201528
0.201506
0.201485
0.201463
0.201441
0.20142
0.201505
0.201484
0.201462
0.20144
0.201419
0.201397
0.201375
0.201354
0.201332
0.201311
0.201289
0.201267
0.201246
0.201331
0.20131
0.201396
0.201374
0.201352
0.201331
0.201309
0.201288
0.201266
0.201244
0.201223
0.201308
0.201287
0.201373
0.201351
0.201329
0.201308
0.201286
0.201265
0.201243
0.201329
0.201414
0.201393
0.201371
0.201349
0.201328
0.201306
0.201285
0.201263
0.201349
0.201327
0.201306
0.201284
0.201263
0.201241
0.20122
0.201198
0.201176
0.201155
0.201133
0.201112
0.20109
0.201069
0.201047
0.201133
0.201111
0.20109
0.201068
0.201047
0.201025
0.201111
0.201089
0.201068
0.201046
0.201132
0.201217
0.201195
0.201174
0.201152
0.201131
0.20111
0.201088
0.201067
0.201045
0.20113
0.201109
0.201088
0.201066
0.201045
0.20113
0.201108
0.201087
0.201066
0.201044
0.201023
0.201108
0.201086
0.201065
0.201044
0.201022
0.201001
0.201086
0.201064
0.201043
0.201022
0.201
0.200979
0.200957
0.200936
0.200915
0.201
0.200978
0.201063
0.201042
0.201021
0.201105
0.201084
0.201063
0.201148
0.201126
0.201105
0.201083
0.201062
0.201041
0.201019
0.200998
0.200977
0.200955
0.20104
0.201019
0.200998
0.200976
0.200955
0.200934
0.200912
0.200891
0.20087
0.200848
0.200933
0.200912
0.20089
0.200869
0.200848
0.200933
0.200911
0.20089
0.200869
0.200847
0.200826
0.200805
0.20089
0.200868
0.200847
0.200826
0.200804
0.200783
0.200868
0.200847
0.200825
0.200804
0.200783
0.200762
0.20074
0.200825
0.200804
0.200782
0.200761
0.20074
0.200719
0.200698
0.200676
0.200655
0.20074
0.200718
0.200697
0.200676
0.200655
0.200634
0.200718
0.200697
0.200676
0.200654
0.200633
0.200612
0.200591
0.20057
0.200549
0.200633
0.200717
0.200696
0.200675
0.200654
0.200633
0.200611
0.200696
0.200675
0.200653
0.200632
0.200611
0.20059
0.200569
0.200548
0.200527
0.200505
0.200484
0.200569
0.200653
0.200632
0.200716
0.200695
0.200673
0.200652
0.200631
0.20061
0.200589
0.200568
0.200547
0.200526
0.200505
0.200484
0.200463
0.200441
0.200525
0.200504
0.200483
0.200462
0.200441
0.20042
0.200504
0.200483
0.200462
0.200441
0.200525
0.200609
0.200588
0.200567
0.200546
0.200525
0.200504
0.200483
0.200462
0.200441
0.20042
0.200398
0.200377
0.200356
0.200335
0.200419
0.200398
0.200482
0.200461
0.20044
0.200524
0.200503
0.200482
0.200461
0.200545
0.200524
0.200503
0.200482
0.200565
0.200649
0.200628
0.200607
0.200586
0.200565
0.200544
0.200523
0.200502
0.200481
0.20046
0.200439
0.200418
0.200502
0.200585
0.200564
0.200543
0.200627
0.200606
0.20069
0.200669
0.200648
0.200627
0.200606
0.200585
0.200668
0.200647
0.200731
0.20071
0.200689
0.200668
0.200647
0.200626
0.200605
0.200584
0.200563
0.200542
0.200521
0.2005
0.20048
0.200459
0.200438
0.200521
0.2005
0.200479
0.200458
0.200438
0.200417
0.2005
0.200479
0.200458
0.200437
0.200416
0.200396
0.200375
0.200354
0.200333
0.200312
0.200291
0.20027
0.20025
0.200229
0.200208
0.200291
0.20027
0.200354
0.200333
0.200312
0.200395
0.200374
0.200353
0.200436
0.200416
0.200395
0.200374
0.200353
0.200332
0.200415
0.200395
0.200374
0.200457
0.200436
0.200519
0.200498
0.200477
0.200457
0.200436
0.200415
0.200498
0.200477
0.200456
0.200436
0.200415
0.200394
0.200373
0.200352
0.200332
0.200311
0.200394
0.200373
0.200352
0.200331
0.200311
0.20029
0.200269
0.200352
0.200331
0.200311
0.200393
0.200373
0.200352
0.200331
0.20031
0.200393
0.200372
0.200352
0.200331
0.20031
0.20029
0.200269
0.200351
0.200331
0.20031
0.200289
0.200372
0.200351
0.200331
0.20031
0.200289
0.200269
0.200248
0.20033
0.20031
0.200392
0.200372
0.200351
0.200433
0.200413
0.200392
0.200475
0.200454
0.200433
0.200413
0.200392
0.200371
0.200351
0.20033
0.200309
0.200392
0.200371
0.20035
0.20033
0.200309
0.200288
0.200268
0.20035
0.20033
0.200309
0.200288
0.200268
0.20035
0.200329
0.200309
0.200288
0.200268
0.200247
0.200226
0.200206
0.200185
0.200165
0.200144
0.200123
0.200206
0.200185
0.200164
0.200247
0.200329
0.200308
0.200288
0.200267
0.200247
0.200226
0.200205
0.200185
0.200267
0.200246
0.200329
0.200308
0.200287
0.200267
0.200246
0.200328
0.200308
0.20039
0.200369
0.200349
0.200431
0.20041
0.200492
0.200472
0.200451
0.200431
0.20041
0.20039
0.200369
0.200348
0.200328
0.200307
0.200389
0.200369
0.200348
0.200328
0.200307
0.200287
0.200266
0.200246
0.200328
0.200409
0.200491
0.200471
0.20045
0.20043
0.200409
0.200389
0.200368
0.200348
0.200327
0.200307
0.200286
0.200266
0.200245
0.200225
0.200307
0.200388
0.200368
0.20045
0.200429
0.200409
0.200388
0.200368
0.200347
0.200327
0.200306
0.200388
0.200367
0.200347
0.200327
0.200306
0.200286
0.200265
0.200347
0.200326
0.200306
0.200286
0.200265
0.200245
0.200224
0.200204
0.200285
0.200265
0.200245
0.200224
0.200204
0.200183
0.200265
0.200346
0.200326
0.200407
0.200387
0.200367
0.200346
0.200326
0.200407
0.200387
0.200366
0.200346
0.200427
0.200407
0.200488
0.20057
0.200549
0.200529
0.200508
0.20059
0.200569
0.200549
0.200529
0.200508
0.200488
0.200467
0.200447
0.200427
0.200406
0.200386
0.200467
0.200447
0.200426
0.200406
0.200487
0.200467
0.200447
0.200426
0.200406
0.200386
0.200365
0.200345
0.200325
0.200406
0.200385
0.200466
0.200446
0.200527
0.200507
0.200487
0.200466
0.200446
0.200426
0.200405
0.200385
0.200365
0.200344
0.200324
0.200304
0.200284
0.200263
0.200243
0.200223
0.200304
0.200283
0.200263
0.200243
0.200223
0.200303
0.200384
0.200364
0.200344
0.200324
0.200303
0.200283
0.200263
0.200243
0.200222
0.200303
0.200283
0.200263
0.200344
0.200323
0.200303
0.200283
0.200263
0.200242
0.200222
0.200303
0.200283
0.200262
0.200242
0.200222
0.200303
0.200283
0.200262
0.200343
0.200323
0.200303
0.200282
0.200262
0.200242
0.200222
0.200202
0.200181
0.200161
0.200242
0.200322
0.200302
0.200282
0.200262
0.200242
0.200222
0.200201
0.200181
0.200161
0.200141
0.200121
0.200101
0.200081
0.20006
0.20004
0.20002
0.2
0.19998
0.19996
0.19994
0.19992
0.199899
0.199879
0.199859
0.199839
0.199819
0.199799
0.199779
0.199759
0.199739
0.199719
0.199699
0.199679
0.199659
0.199638
0.199618
0.199699
0.199679
0.199659
0.199639
0.199619
0.199599
0.199579
0.199659
0.199639
0.199619
0.199599
0.199679
0.199759
0.199739
0.19982
0.199799
0.199779
0.199759
0.199739
0.19982
0.1998
0.19978
0.19976
0.19974
0.19972
0.1997
0.19968
0.19966
0.19964
0.19962
0.1996
0.19968
0.19966
0.19964
0.19962
0.1997
0.19978
0.19986
0.19984
0.19982
0.1999
