0.0964
0.0979
0.1008
0.1023
0.1043
0.0989
0.1017
0.1028
0.1032
0.0989
0.105
0.1049
0.0998
0.1029
0.1016
0.1057
0.1054
0.108
0.1071
0.1081
0.098
0.1028
0.1022
0.1103
0.1071
0.1056
0.1062
0.1105
0.1127
0.1094
0.1121
0.1117
0.1082
0.1075
0.1113
0.1082
0.1147
0.1121
0.1119
0.1119
0.1099
0.1192
0.109
0.1151
0.1086
0.1118
0.1194
0.1204
0.1125
0.1149
0.1141
0.1157
0.1194
0.119
0.1224
0.1159
0.119
0.1194
0.1228
0.1248
0.1219
0.1197
0.1235
0.1209
0.1249
0.1203
0.1244
0.1265
0.1265
0.1255
0.1273
0.1291
0.1317
0.1291
0.1267
0.1309
0.1259
0.1362
0.1279
0.1335
0.1334
0.1228
0.1254
0.13
0.1328
0.1291
0.1302
0.1351
0.136
0.1331
0.1342
0.1368
0.1361
0.1344
0.1376
0.1384
0.1318
0.1381
0.1367
0.1402
0.1368
0.1427
0.1416
0.1422
0.1438
0.1384
0.1455
0.1402
0.1452
0.1519
0.1373
0.1512
0.1509
0.1442
0.1482
0.1564
0.1462
0.1526
0.1533
0.1567
0.1554
0.1525
0.1502
0.1576
0.1524
0.1514
0.151
0.1579
0.1559
0.1502
0.1604
0.1574
0.1596
0.1646
0.1604
0.1584
0.164
0.161
0.1536
0.1588
0.1705
0.1664
0.1644
0.1673
0.1661
0.1662
0.1692
0.1751
0.1742
0.1793
0.1701
0.1771
0.1819
0.1814
0.1847
0.1771
0.1792
0.1754
0.185
0.1762
0.1853
0.181
0.184
0.1901
0.1917
0.1956
0.1928
0.1893
0.1953
0.1932
0.1992
0.1909
0.1928
0.2006
0.1979
0.2021
0.1982
0.2031
0.1998
0.2023
0.2033
0.207
0.2087
0.2107
0.2145
0.2116
0.2106
0.2168
0.2081
0.221
0.2224
0.2223
0.2178
0.2248
0.2205
0.2206
0.2347
0.2288
0.2259
0.2341
0.2321
0.2257
0.2384
0.2313
0.24
0.2431
0.2353
0.2417
0.2437
0.2465
0.2457
0.2534
0.2511
0.2565
0.2644
0.2659
0.2502
0.2576
0.2638
0.2689
0.2655
0.2712
0.2748
0.2727
0.2765
0.2782
0.2875
0.2856
0.2886
0.2832
0.2933
0.293
0.2934
0.3024
0.306
0.3054
0.3069
0.3029
0.3065
0.3146
0.3082
0.3138
0.3277
0.3182
0.3242
0.3233
0.3332
0.3366
0.3382
0.3428
0.3455
0.3529
0.3507
0.3477
0.3498
0.3537
0.3469
0.3507
0.3632
0.361
0.3642
0.3519
0.3635
0.3726
0.3598
0.3555
0.3655
0.3724
0.3717
0.3724
0.3823
0.3982
0.3783
0.3849
0.3942
0.4002
0.3973
0.398
0.3977
0.3995
0.4063
0.4138
0.4205
0.4176
0.417
0.4254
0.4349
0.4363
0.4468
0.4502
0.4624
0.4474
0.4622
0.4639
0.4584
0.4631
0.471
0.4822
0.4928
0.4778
0.4818
0.5063
0.5121
0.5029
0.5058
0.531
0.5281
0.5484
0.5617
0.5685
0.5586
0.5761
0.5951
0.599
0.6233
0.6374
