1
0.5
0.666667
0.5
0.4
0.5
0.428571
0.375
0.333333
0.3
0.363636
0.416667
0.461538
0.428571
0.4
0.375
0.352941
0.333333
0.368421
0.4
0.380952
0.363636
0.347826
0.333333
0.32
0.346154
0.333333
0.321429
0.310345
0.3
0.290323
0.28125
0.272727
0.294118
0.285714
0.277778
0.297297
0.289474
0.282051
0.275
0.292683
0.285714
0.302326
0.295455
0.288889
0.282609
0.276596
0.270833
0.285714
0.28
0.27451
0.288462
0.283019
0.277778
0.272727
0.267857
0.263158
0.258621
0.254237
0.25
0.245902
0.258065
0.253968
0.265625
0.261538
0.257576
0.253731
0.25
0.246377
0.242857
0.239437
0.236111
0.232877
0.243243
0.24
0.236842
0.233766
0.230769
0.227848
0.225
0.222222
0.219512
0.216867
0.214286
0.211765
0.209302
0.206897
0.204545
0.202247
0.2
0.208791
0.217391
0.215054
0.212766
0.210526
0.208333
0.206186
0.214286
0.212121
0.21
0.207921
0.205882
0.203883
0.201923
0.2
0.198113
0.196262
0.194444
0.201835
0.2
0.198198
0.196429
0.19469
0.192982
0.191304
0.189655
0.188034
0.186441
0.184874
0.183333
0.181818
0.180328
0.178862
0.177419
0.176
0.174603
0.181102
0.1875
0.186047
0.192308
0.19084
0.189394
0.18797
0.19403
0.2
0.198529
0.19708
0.195652
0.194245
0.192857
0.191489
0.190141
0.188811
0.1875
0.186207
0.184932
0.183673
0.182432
0.187919
0.186667
0.18543
0.184211
0.183007
0.181818
0.180645
0.185897
0.184713
0.183544
0.18239
0.18125
0.180124
0.179012
0.177914
0.176829
0.181818
0.180723
0.179641
0.178571
0.177515
0.176471
0.175439
0.180233
0.179191
0.178161
0.177143
0.176136
0.175141
0.174157
0.173184
0.172222
0.171271
0.17033
0.169399
0.168478
0.172973
0.172043
0.171123
0.175532
0.174603
0.173684
0.172775
0.171875
0.170984
0.170103
0.169231
0.168367
0.172589
0.171717
0.175879
0.18
0.179104
0.183168
0.182266
0.181373
0.180488
0.179612
0.178744
0.177885
0.177033
0.17619
0.180095
0.179245
0.178404
0.182243
0.181395
0.180556
0.179724
0.178899
0.178082
0.177273
0.180995
0.184685
0.183857
0.183036
0.182222
0.185841
0.185022
0.184211
0.183406
0.182609
0.181818
0.181034
0.180258
0.179487
0.178723
0.177966
0.177215
0.176471
0.175732
0.175
0.178423
0.177686
0.176955
0.17623
0.179592
0.182927
0.186235
0.185484
0.188755
0.188
0.191235
0.194444
0.193676
0.192913
0.192157
0.191406
0.190661
0.193798
0.19305
0.196154
0.195402
0.198473
0.197719
0.200758
0.2
0.203008
0.202247
0.205224
0.208178
0.207407
0.206642
0.205882
0.205128
0.20438
0.203636
0.206522
0.205776
0.208633
0.207885
0.207143
0.206406
0.205674
0.208481
0.207746
0.207018
0.20979
0.209059
0.208333
0.207612
0.210345
0.209622
0.208904
0.211604
0.210884
0.210169
0.209459
0.208754
0.211409
0.210702
0.213333
0.212625
0.211921
0.211221
0.210526
0.209836
0.20915
0.208469
0.207792
0.20712
0.209677
0.209003
0.208333
0.210863
0.210191
0.209524
0.208861
0.208202
0.207547
0.206897
0.20625
0.205607
0.204969
0.20743
0.209877
0.209231
0.208589
0.207951
0.207317
0.206687
0.209091
0.208459
0.207831
0.21021
0.209581
0.208955
0.208333
0.207715
0.207101
0.20649
0.205882
0.205279
0.204678
0.206997
0.206395
0.208696
0.208092
0.207493
0.206897
0.209169
0.208571
0.207977
0.207386
0.206799
0.20904
0.208451
0.207865
0.207283
0.206704
0.206128
0.205556
0.204986
0.20442
0.203857
0.203297
0.20274
0.202186
0.201635
0.201087
0.200542
0.2
0.199461
0.201613
0.203753
0.203209
0.205333
0.204787
0.206897
0.206349
0.205805
0.205263
0.204724
0.204188
0.203655
0.205729
0.207792
0.207254
0.209302
0.208763
0.210797
0.212821
0.214834
0.214286
0.21374
0.213198
0.212658
0.212121
0.211587
0.211055
0.210526
0.21
0.209476
0.208955
0.208437
0.210396
0.209877
0.20936
0.208845
0.208333
0.207824
0.207317
0.209246
0.211165
0.210654
0.210145
0.209639
0.209135
0.208633
0.208134
0.207637
0.207143
0.209026
0.208531
0.208038
0.207547
0.207059
0.206573
0.208431
0.207944
0.207459
0.206977
0.206497
0.206019
0.205543
0.205069
0.204598
0.206422
0.208238
0.207763
0.207289
0.206818
0.206349
0.205882
0.205418
0.204955
0.204494
0.204036
0.205817
0.205357
0.2049
0.206667
0.206208
0.205752
0.207506
0.207048
0.206593
0.20614
0.207877
0.207424
0.206972
0.206522
0.206074
0.207792
0.207343
0.206897
0.206452
0.206009
0.205567
0.205128
0.204691
0.204255
0.203822
0.20339
0.20296
0.202532
0.204211
0.203782
0.203354
0.202929
0.202505
0.202083
0.201663
0.20332
0.202899
0.202479
0.202062
0.201646
0.201232
0.202869
0.202454
0.202041
0.201629
0.203252
0.20284
0.202429
0.20202
0.201613
0.201207
0.202811
0.204409
0.206
0.205589
0.205179
0.206759
0.206349
0.205941
0.205534
0.205128
0.204724
0.204322
0.205882
0.207436
0.207031
0.206628
0.206226
0.205825
0.207364
0.206963
0.206564
0.206166
0.205769
0.205374
0.204981
0.204589
0.204198
0.20381
0.205323
0.204934
0.204545
0.204159
0.203774
0.20339
0.203008
0.204503
0.20412
0.203738
0.203358
0.20298
0.202602
0.202226
0.203704
0.203327
0.204797
0.20442
0.204044
0.20367
0.203297
0.202925
0.202555
0.202186
0.201818
0.201452
0.202899
0.202532
0.202166
0.201802
0.201439
0.201077
0.200717
0.200358
0.2
0.201426
0.201068
0.20071
0.200355
0.20177
0.201413
0.201058
0.202465
0.202109
0.203509
0.204904
0.204545
0.205934
0.205575
0.205217
0.204861
0.206239
0.207612
0.207254
0.206897
0.20654
0.206186
0.205832
0.205479
0.205128
0.204778
0.206133
0.207483
0.207131
0.208475
0.209814
0.209459
0.209106
0.208754
0.208403
0.208054
0.207705
0.207358
0.207012
0.206667
0.206323
0.20598
0.205638
0.206954
0.206612
0.206271
0.205931
0.205592
0.205255
0.204918
0.204583
0.204248
0.203915
0.203583
0.203252
0.204545
0.204214
0.203883
0.203554
0.203226
0.202899
0.202572
0.203852
0.203526
0.2032
0.204473
0.204147
0.205414
0.205087
0.206349
0.206022
0.205696
0.205371
0.205047
0.204724
0.205975
0.205651
0.205329
0.206573
0.20625
0.205928
0.205607
0.206843
0.206522
0.206202
0.205882
0.20711
0.20679
0.208012
0.207692
0.207373
0.208589
0.20827
0.207951
0.207634
0.207317
0.207002
0.206687
0.206373
0.206061
0.205749
0.205438
0.205128
0.204819
0.204511
0.204204
0.205397
0.206587
0.206278
0.20597
0.205663
0.206845
0.206538
0.207715
0.207407
0.207101
0.206795
0.20649
0.207658
0.207353
0.207048
0.206745
0.206442
0.20614
0.205839
0.205539
0.20524
0.204942
0.204644
0.204348
0.204052
0.203757
0.203463
0.20317
0.202878
0.202586
0.202296
0.202006
0.201717
0.201429
0.201141
0.202279
0.201991
0.201705
0.201418
0.201133
0.202263
0.20339
0.203103
0.202817
0.202532
0.202247
0.203366
0.203081
0.202797
0.202514
0.203626
0.203343
0.20306
0.202778
0.202497
0.203601
0.20332
0.20442
0.204138
0.205234
0.204952
0.206044
0.205761
0.206849
0.207934
0.20765
0.208731
0.208447
0.208163
0.209239
0.208955
0.208672
0.20839
0.208108
0.207827
0.208895
0.208614
0.208333
0.209396
0.209115
0.208835
0.209893
0.209613
0.209333
0.210386
0.210106
0.209827
0.209549
0.209272
0.208995
0.21004
0.209763
0.209486
0.209211
0.208936
0.208661
0.208388
0.208115
0.207843
0.207572
0.208605
0.208333
0.209363
0.209091
0.20882
0.209845
0.209573
0.209302
0.209032
0.208763
0.209781
0.209512
0.209243
0.208974
0.208707
0.20844
0.208174
0.209184
0.208917
0.209924
0.209657
0.209391
0.210393
0.210127
0.209861
0.209596
0.210593
0.210327
0.210063
0.209799
0.209536
0.209273
0.209011
0.20875
0.208489
0.208229
0.20797
0.207711
0.207453
0.207196
0.206939
0.206683
0.206428
0.206173
0.205919
0.205665
0.205412
0.206388
0.206135
0.205882
0.20563
0.205379
0.206349
0.206098
0.207065
0.206813
0.206561
0.206311
0.207273
0.208232
0.207981
0.208937
0.208685
0.208434
0.208183
0.207933
0.207683
0.207434
0.207186
0.206938
0.206691
0.206444
0.20739
0.207143
0.206897
0.206651
0.206406
0.207346
0.208284
0.208038
0.207792
0.208726
0.208481
0.208235
0.207991
0.207746
0.207503
0.20726
0.207018
0.206776
0.207701
0.207459
0.207218
0.206977
0.206736
0.206497
0.206257
0.207176
0.206936
0.206697
0.206459
0.206221
0.207135
0.206897
0.206659
0.206422
0.206186
0.207094
0.206857
0.206621
0.206385
0.20615
0.207053
0.207955
0.207719
0.207483
0.207248
0.207014
0.20678
0.206546
0.206313
0.207207
0.206974
0.207865
0.207632
0.207399
0.207167
0.206935
0.206704
0.206473
0.206243
0.206013
0.205784
0.205556
0.205327
0.2051
0.20598
0.206858
0.207735
0.207506
0.207277
0.207048
0.206821
0.206593
0.206367
0.20614
0.205915
0.205689
0.205464
0.20524
0.205016
0.204793
0.20457
0.205435
0.205212
0.204989
0.204767
0.204545
0.204324
0.204104
0.203883
0.204741
0.205597
0.205376
0.205156
0.204936
0.204716
0.204497
0.204278
0.20406
0.204909
0.205757
0.205538
0.205319
0.205101
0.204883
0.204666
0.204449
0.204233
0.204017
0.203801
0.203587
0.203372
0.204211
0.203996
0.203782
0.203568
0.204403
0.204188
0.203975
0.203762
0.204593
0.20438
0.204167
0.203954
0.203742
0.203531
0.20332
0.204145
0.203934
0.203723
0.203512
0.203302
0.203093
0.203913
0.204733
0.204522
0.204312
0.204103
0.203893
0.203685
0.203476
0.203269
0.203061
0.202854
0.202648
0.202441
0.202236
0.20203
0.201826
0.201621
0.201417
0.201213
0.20101
0.200807
0.200605
0.200403
0.200201
0.201005
0.200803
0.200602
0.200401
0.2002
0.201
0.200799
0.200599
0.200399
0.200199
0.2
0.199801
0.199603
0.199405
0.199207
0.19901
0.198813
0.198617
0.199408
0.199211
0.2
0.199803
0.199607
0.199411
0.199215
0.19902
0.198825
0.19863
0.198436
0.199219
0.2
0.199805
0.200584
0.200389
0.200194
0.2
0.200776
0.200581
0.200387
0.200193
0.200966
0.201737
0.201543
0.201349
0.201155
0.200962
0.200768
0.200576
0.200384
0.200192
0.2
0.200765
0.200573
0.200382
0.201144
0.201905
0.201713
0.201521
0.20133
0.201139
0.200948
0.200758
0.200568
0.200378
0.200189
0.2
0.199812
0.199623
0.200376
0.200188
0.2
0.199812
0.199625
0.200375
0.200187
0.2
0.199813
0.199627
0.199441
0.199255
0.19907
0.199814
0.199629
0.199443
0.199259
0.199074
0.19889
0.19963
0.199446
0.199262
0.199078
0.198895
0.198712
0.198529
0.199265
0.199083
0.1989
0.199634
0.199451
0.200183
0.2
0.199818
0.199635
0.199454
0.200182
0.2
0.200727
0.201452
0.201269
0.201087
0.200905
0.200723
0.200542
0.201264
0.201082
0.201802
0.20252
0.202338
0.202156
0.201975
0.201794
0.201613
0.201432
0.201252
0.201072
0.200893
0.201606
0.201426
0.202137
0.201957
0.201778
0.201599
0.20142
0.201241
0.201949
0.20177
0.202476
0.20318
0.203001
0.202822
0.202643
0.202465
0.202287
0.202109
0.201932
0.201754
0.202454
0.202277
0.2021
0.201923
0.201747
0.201571
0.201395
0.202091
0.201915
0.201739
0.201564
0.201389
0.201214
0.20104
0.200866
0.200692
0.200519
0.200345
0.200173
0.2
0.199828
0.200516
0.200344
0.200172
0.2
0.199828
0.199657
0.199486
0.199316
0.199145
0.198975
0.198805
0.198636
0.198467
0.198298
0.198129
0.198811
0.198642
0.198473
0.198305
0.198984
0.198816
0.198647
0.19848
0.198312
0.198145
0.197978
0.197811
0.197645
0.197479
0.197313
0.197148
0.196982
0.196817
0.196653
0.197324
0.19716
0.196995
0.196831
0.1975
0.197336
0.197171
0.197007
0.196844
0.196681
0.196517
0.197183
0.19702
0.197684
0.197521
0.197358
0.197195
0.197032
0.19687
0.196708
0.196546
0.196385
0.197044
0.196883
0.196721
0.19656
0.197218
0.197056
0.196895
0.196735
0.196574
0.197229
0.197068
0.196908
0.197561
0.1974
0.198052
0.197891
0.197731
0.198381
0.199029
0.198868
0.198708
0.198547
0.198387
0.198227
0.198068
0.197908
0.198553
0.198394
0.198234
0.198075
0.197917
0.197758
0.1976
0.197442
0.197284
0.197127
0.197767
0.198406
0.198248
0.198091
0.198728
0.19857
0.198413
0.198255
0.198098
0.198733
0.198576
0.199209
0.199052
0.198895
0.199527
0.200158
0.2
0.200629
0.200472
0.200314
0.200157
0.2
0.200627
0.20047
0.200313
0.200156
0.2
0.200625
0.200468
0.200312
0.200156
0.200778
0.200622
0.200466
0.200311
0.200155
0.2
0.199845
0.19969
0.199536
0.199382
0.199228
0.199074
0.198921
0.198767
0.198614
0.198462
0.198309
0.198157
0.198005
0.197853
0.197701
0.19755
0.197399
0.197248
0.197097
0.196947
0.197559
0.197409
0.19802
0.197869
0.197719
0.197568
0.197418
0.198027
0.197877
0.197727
0.197578
0.198185
0.198791
0.19864
0.199245
0.199095
0.198945
0.199548
0.199398
0.199248
0.199098
0.198949
0.1988
0.198651
0.198502
0.199102
0.199701
0.199552
0.199403
0.2
0.199851
0.199702
0.199553
0.199405
0.2
0.199851
0.200445
0.200297
0.200148
0.2
0.200592
0.200444
0.200296
0.200148
0.2
0.199853
0.199705
0.199558
0.200147
0.2
0.199853
0.200441
0.200293
0.200147
0.2
0.199854
0.199707
0.199561
0.199416
0.2
0.199854
0.199708
0.199563
0.199418
0.199273
0.199128
0.198983
0.198839
0.19942
0.199275
0.199131
0.199711
0.200289
0.200867
0.200722
0.200577
0.200433
0.200288
0.200144
0.2
0.200575
0.200431
0.200287
0.200861
0.200717
0.200573
0.200429
0.200286
0.200143
0.200714
0.201285
0.201854
0.201711
0.201567
0.202135
0.201991
0.201848
0.201705
0.201561
0.201418
0.201276
0.201841
0.201699
0.201556
0.201413
0.201271
0.201129
0.200987
0.200846
0.200704
0.200563
0.200422
0.200281
0.20014
0.2
0.19986
0.19972
0.19958
0.20014
0.200699
0.200559
0.200419
0.200279
0.200139
0.2
0.199861
0.200418
0.200278
0.200834
0.200694
0.200555
0.200416
0.20097
0.200831
0.201384
0.201245
0.201106
0.200967
0.200828
0.20069
0.201241
0.201102
0.200964
0.201513
0.201375
0.201236
0.201098
0.20096
0.201508
0.20137
0.201917
0.201778
0.20164
0.201503
0.201365
0.201228
0.201091
0.201635
0.201498
0.201361
0.201903
0.201766
0.201629
0.202171
0.202712
0.202575
0.202437
0.2023
0.202164
0.202027
0.202566
0.202429
0.202293
0.20283
0.202694
0.202557
0.202421
0.202957
0.202821
0.203356
0.203219
0.203083
0.203617
0.20415
0.204013
0.204545
0.204409
0.20494
0.204803
0.205333
0.205197
0.20506
0.204923
0.204787
0.204651
0.204515
0.20438
0.204907
0.204771
0.204636
0.2045
0.204365
0.20423
0.204756
0.20462
0.204485
0.204351
0.204216
0.204082
0.203947
0.203813
0.203679
0.203546
0.203412
0.203279
0.203145
0.203012
0.20288
0.202747
0.202614
0.203135
0.203003
0.20287
0.202738
0.202606
0.202474
0.202342
0.202211
0.202079
0.201948
0.202466
0.202335
0.202203
0.20272
0.202589
0.203105
0.202973
0.202842
0.202711
0.202581
0.203095
0.202964
0.202833
0.203346
0.203215
0.203085
0.202954
0.202824
0.202694
0.202564
0.202434
0.202305
0.202175
0.202046
0.201917
0.202427
0.202297
0.202168
0.202677
0.202548
0.202419
0.20229
0.202161
0.202033
0.201905
0.201777
0.201649
0.201521
0.201393
0.201266
0.201139
0.201011
0.201516
0.20202
0.201893
0.201765
0.201638
0.202141
0.202643
0.202516
0.202388
0.202261
0.202134
0.202008
0.201881
0.202381
0.202254
0.202753
0.202627
0.2025
0.202374
0.202247
0.202121
0.201995
0.201869
0.201743
0.201618
0.201493
0.201367
0.201242
0.201117
0.200993
0.200868
0.200743
0.200619
0.200495
0.200371
0.200247
0.200124
0.2
0.199877
0.20037
0.200246
0.200739
0.200615
0.201107
0.201598
0.201474
0.201351
0.201227
0.201104
0.20098
0.200857
0.200734
0.201223
0.2011
0.200977
0.200855
0.201342
0.20122
0.201706
0.201583
0.201461
0.201338
0.201824
0.201701
0.202186
0.202063
0.201941
0.201818
0.201696
0.201574
0.201452
0.201935
0.202417
0.202295
0.202173
0.202051
0.201929
0.201807
0.202288
0.202166
0.202045
0.201923
0.201802
0.201681
0.20156
0.201439
0.201917
0.201796
0.201676
0.201555
0.201435
0.201912
0.201791
0.201671
0.20155
0.20143
0.20131
0.201786
0.201666
0.201546
0.201426
0.201306
0.201187
0.201068
0.201541
0.201422
0.201303
0.201183
0.201064
0.200946
0.201418
0.201299
0.20118
0.201061
0.200943
0.200824
0.200706
0.200588
0.20047
0.200353
0.200235
0.200117
0.2
0.199883
0.199766
0.200234
0.200117
0.2
0.199883
0.199766
0.19965
0.199533
0.199417
0.199301
0.199185
0.199069
0.199535
0.199419
0.199303
0.199187
0.199652
0.199536
0.19942
0.199305
0.199189
0.199074
0.198959
0.199422
0.199307
0.199192
0.199077
0.198962
0.199424
0.199309
0.199194
0.199655
0.19954
0.199425
0.199885
0.19977
0.200229
0.200115
0.2
0.199885
0.199771
0.199657
0.199543
0.199429
0.199315
0.199201
0.199658
0.199544
0.19943
0.199317
0.199203
0.199659
0.199545
0.199432
0.199319
0.199205
0.199092
0.199546
0.199433
0.19932
0.199208
0.199095
0.198982
0.19887
0.198758
0.198646
0.198534
0.198422
0.19831
0.198198
0.198087
0.198538
0.198988
0.198876
0.198765
0.199214
0.199103
0.198991
0.19888
0.198768
0.198657
0.198546
0.198435
0.198883
0.19933
0.199219
0.199108
0.198997
0.198886
0.198775
0.198664
0.198554
0.198999
0.198889
0.198778
0.198668
0.199113
0.199002
0.199446
0.199336
0.199225
0.199668
0.200111
0.2
0.19989
0.199779
0.199669
0.199559
0.199449
0.199339
0.19978
0.19967
0.19956
0.199451
0.199341
0.199232
0.199122
0.199013
0.198904
0.198795
0.198686
0.199125
0.199563
0.199454
0.199345
0.199236
0.199127
0.199019
0.199455
0.199346
0.199238
0.199129
0.199021
0.198913
0.199348
0.19924
0.199132
0.199024
0.198916
0.19935
0.199242
0.199134
0.199026
0.198919
0.199352
0.199244
0.199137
0.199029
0.199461
0.199353
0.199246
0.199139
0.199032
0.198925
0.198818
0.198711
0.198604
0.198498
0.198391
0.198285
0.198715
0.198608
0.198502
0.198396
0.19829
0.198184
0.198078
0.197972
0.197867
0.197761
0.197656
0.197551
0.197445
0.197872
0.197767
0.197662
0.197557
0.197983
0.197878
0.197773
0.198198
0.198093
0.197988
0.197884
0.197779
0.197674
0.19757
0.197466
0.197361
0.197785
0.197681
0.197576
0.197472
0.197895
0.197791
0.198212
0.198108
0.198004
0.1979
0.197796
0.197693
0.197589
0.197486
0.197382
0.197279
0.197176
0.197073
0.19697
0.196867
0.196764
0.196661
0.196559
0.196456
0.196354
0.196773
0.19667
0.197088
0.196985
0.196883
0.196781
0.196679
0.196577
0.196475
0.196373
0.196271
0.19617
0.196586
0.196484
0.196382
0.196798
0.196696
0.196594
0.197009
0.196907
0.196806
0.196704
0.197118
0.197016
0.196915
0.196814
0.196713
0.197125
0.197024
0.197436
0.197335
0.197234
0.197133
0.197544
0.197442
0.197342
0.197241
0.19714
0.197039
0.196939
0.196838
0.196738
0.197147
0.197047
0.197455
0.197864
0.197763
0.197663
0.197562
0.197462
0.197362
0.197262
0.197162
0.197062
0.196962
0.196862
0.196763
0.197169
0.197069
0.19697
0.19687
0.196771
0.196672
0.196573
0.196474
0.196878
0.196779
0.19668
0.196581
0.196482
0.196384
0.196787
0.196688
0.19659
0.196992
0.197395
0.197296
0.197197
0.197599
0.198
0.197901
0.197802
0.198203
0.198603
0.198504
0.198903
0.198804
0.199203
0.199104
0.199005
0.198906
0.198807
0.198708
0.19861
0.198511
0.198413
0.198314
0.198216
0.198118
0.198515
0.198417
0.198318
0.19822
0.198123
0.198025
0.197927
0.197829
0.197732
0.197634
0.197537
0.19744
0.197343
0.197737
0.19764
0.198034
0.197937
0.19784
0.197743
0.197646
0.197549
0.197452
0.197356
0.197259
0.197162
0.197066
0.19697
0.197362
0.197266
0.197169
0.197561
0.197465
0.197856
0.197759
0.19815
0.198054
0.197957
0.197861
0.197765
0.198154
0.198058
0.198447
0.198836
0.19874
0.198643
0.199031
0.198935
0.198839
0.198743
0.198647
0.199034
0.198938
0.199324
0.199228
0.199132
0.199036
0.19894
0.198844
0.198749
0.198653
0.198558
0.198462
0.198367
0.198752
0.198656
0.199041
0.198945
0.19885
0.198755
0.19866
0.198565
0.19847
0.198853
0.198758
0.198663
0.198568
0.198473
0.198379
0.198284
0.19819
0.198095
0.198001
0.198382
0.198288
0.198194
0.1981
0.198006
0.197912
0.198292
0.198198
0.198104
0.198484
0.19839
0.198296
0.198202
0.198109
0.198015
0.197922
0.197828
0.197735
0.197642
0.197548
0.197455
0.197362
0.197269
0.197176
0.197084
0.196991
0.196898
0.196806
0.196714
0.196621
0.196529
0.196437
0.196813
0.19719
0.197097
0.197473
0.197848
0.197756
0.197664
0.198038
0.197946
0.197853
0.197761
0.197669
0.197577
0.197485
0.197393
0.197301
0.197674
0.197583
0.197491
0.197399
0.197307
0.197216
0.197124
0.197033
0.196942
0.197314
0.197222
0.197131
0.19704
0.196949
0.196858
0.197229
0.197138
0.197047
0.196956
0.196865
0.196774
0.196684
0.196593
0.196503
0.196872
0.196782
0.196691
0.196601
0.196511
0.19642
0.196789
0.196699
0.196609
0.196519
0.196429
0.196339
0.196249
0.196616
0.196984
0.19735
0.19726
0.19717
0.19708
0.197446
0.197356
0.197267
0.197632
0.197542
0.197452
0.197817
0.198182
0.198546
0.19891
0.19882
0.19873
0.198639
0.198549
0.198459
0.19837
0.198732
0.198643
0.198553
0.198915
0.198825
0.198735
0.199097
0.199007
0.198917
0.198828
0.199189
0.199099
0.19946
0.19937
0.19928
0.199191
0.199101
0.199012
0.198922
0.198833
0.198744
0.198655
0.198566
0.198477
0.198388
0.198299
0.19821
0.198122
0.198033
0.197945
0.197856
0.197768
0.19768
0.197591
0.197503
0.197415
0.197327
0.19724
0.197597
0.197509
0.197421
0.197333
0.197246
0.197158
0.197071
0.196983
0.196896
0.196809
0.196721
0.197077
0.19699
0.196903
0.196816
0.196729
0.196642
0.196996
0.196909
0.196823
0.196736
0.196649
0.196562
0.196476
0.196389
0.196303
0.196216
0.19613
0.196044
0.195958
0.196311
0.196225
0.196139
0.196053
0.195967
0.195881
0.195795
0.195709
0.195624
0.195538
0.195453
0.195367
0.195282
0.195197
0.195548
0.195462
0.195377
0.195728
0.195643
0.195557
0.195472
0.195387
0.195302
0.195217
0.195133
0.195482
0.195397
0.195313
0.195662
0.19601
0.195925
0.195841
0.195756
0.195671
0.195586
0.195502
0.195417
0.195333
0.195248
0.195596
0.195511
0.195427
0.195343
0.195259
0.195175
0.19509
0.195006
0.194923
0.194839
0.194755
0.194671
0.195017
0.194933
0.19485
0.194766
0.194683
0.194599
0.194516
0.194433
0.194349
0.194266
0.194183
0.194528
0.194444
0.194361
0.194705
0.194622
0.194966
0.194883
0.1948
0.194717
0.194634
0.194551
0.194468
0.194385
0.194303
0.19422
0.194138
0.194055
0.193973
0.193891
0.193808
0.193726
0.193644
0.193562
0.193903
0.193821
0.193739
0.193658
0.193576
0.193494
0.193412
0.193331
0.193671
0.193589
0.193508
0.193426
0.193345
0.193263
0.193182
0.193101
0.193019
0.192938
0.193277
0.193196
0.193115
0.193034
0.193372
0.193291
0.19321
0.193129
0.193049
0.192968
0.192887
0.193225
0.193562
0.193899
0.193818
0.193737
0.194073
0.19441
0.194329
0.194248
0.194583
0.194502
0.194421
0.19434
0.19426
0.194179
0.194098
0.194433
0.194352
0.194271
0.194606
0.19494
0.194859
0.194778
0.194698
0.194617
0.194536
0.194456
0.194376
0.194709
0.194628
0.194961
0.195293
0.195213
0.195132
0.195052
0.195383
0.195303
0.195222
0.195142
0.195062
0.194981
0.194901
0.194821
0.194741
0.195072
0.195402
0.195732
0.195652
0.195982
0.195902
0.196231
0.196151
0.19607
0.19599
0.19591
0.19583
0.19575
0.19567
0.19559
0.19551
0.19543
0.195351
0.195271
0.195192
0.195519
0.195847
0.195767
0.195688
0.195608
0.195528
0.195855
0.195776
0.196102
0.196023
0.195943
0.195864
0.19619
0.19611
0.196031
0.195951
0.195872
0.196197
0.196118
0.196443
0.196364
0.196284
0.196205
0.196126
0.196047
0.195968
0.195889
0.196213
0.196134
0.196055
0.195976
0.195897
0.19622
0.196141
0.196063
0.195984
0.196307
0.196228
0.196149
0.196071
0.195992
0.195913
0.196235
0.196157
0.196078
0.196
0.196321
0.196243
0.196165
0.196086
0.196008
0.19593
0.195852
0.195774
0.195695
0.196016
0.195938
0.19586
0.195782
0.195704
0.196024
0.195946
0.195868
0.19579
0.195713
0.195635
0.195557
0.19548
0.195402
0.195325
0.195644
0.195566
0.195489
0.195411
0.195334
0.195257
0.19518
0.195103
0.195026
0.194949
0.195266
0.195189
0.195112
0.195035
0.194959
0.194882
0.195199
0.195515
0.195438
0.195362
0.195678
0.195601
0.195524
0.195447
0.195763
0.196078
0.196002
0.196317
0.19624
0.196554
0.196477
0.196401
0.196324
0.196247
0.19617
0.196094
0.196017
0.195941
0.195864
0.195788
0.196101
0.196415
0.196338
0.196262
0.196185
0.196109
0.196033
0.195956
0.196269
0.196193
0.196117
0.19604
0.195964
0.195888
0.195812
0.195736
0.195661
0.195585
0.195509
0.195433
0.195745
0.195669
0.195593
0.195518
0.195442
0.195367
0.195677
0.195602
0.195912
0.195837
0.195761
0.195686
0.195995
0.19592
0.196229
0.196538
0.196847
0.196772
0.196696
0.196621
0.196545
0.19647
0.196394
0.196319
0.196627
0.196552
0.196859
0.197167
0.197474
0.197399
0.197323
0.19763
0.197554
0.197479
0.197404
0.19771
0.197634
0.19794
0.197865
0.19779
0.197714
0.197639
0.197564
0.197869
0.197794
0.198099
0.198024
0.197948
0.197873
0.197798
0.197723
0.197648
0.197573
0.197877
0.197802
0.197727
0.197652
0.197578
0.197503
0.197428
0.197353
0.197279
0.197582
0.197508
0.197433
0.197358
0.197284
0.19721
0.197135
0.197438
0.197363
0.197289
0.197215
0.197141
0.197067
0.196992
0.196918
0.196844
0.196771
0.196697
0.196623
0.196549
0.196475
0.196402
0.196328
0.196255
0.196556
0.196856
0.196783
0.196709
0.197009
0.196936
0.196862
0.196789
0.196715
0.196642
0.196941
0.196868
0.196795
0.196721
0.196648
0.196575
0.196502
0.196801
0.196727
0.196654
0.196581
0.19688
0.196807
0.197105
0.197032
0.196958
0.196885
0.196812
0.19711
0.197037
0.196964
0.196891
0.196818
0.197115
0.197412
0.197339
0.197266
0.197194
0.197121
0.197048
0.197344
0.197271
0.197567
0.197494
0.197422
0.197349
0.197276
0.197572
0.197499
0.197794
0.197721
0.197649
0.197576
0.197871
0.198165
0.198092
0.19802
0.197947
0.197875
0.197802
0.19773
0.197657
0.197585
0.197513
0.197441
0.197734
0.197662
0.197589
0.197517
0.197445
0.197373
0.197301
0.197229
0.197157
0.19745
0.197742
0.19767
0.197598
0.197526
0.197455
0.197383
0.197674
0.197603
0.197531
0.197822
0.19775
0.198041
0.19797
0.19826
0.198188
0.198117
0.198407
0.198335
0.198625
0.198553
0.198482
0.19841
0.198338
0.198267
0.198195
0.198484
0.198413
0.198702
0.19863
0.198559
0.198487
0.198416
0.198344
0.198273
0.198201
0.19813
0.198059
0.197988
0.198276
0.198205
0.198492
0.198421
0.198709
0.198996
0.198925
0.198853
0.198782
0.198711
0.19864
0.198569
0.198856
0.198784
0.198713
0.198642
0.198571
0.198858
0.198787
0.198716
0.198645
0.198574
0.198503
0.198432
0.198718
0.198647
0.198577
0.198506
0.198435
0.198365
0.198294
0.198579
0.198509
0.198438
0.198368
0.198297
0.198227
0.198511
0.198795
0.199079
0.199008
0.198938
0.198868
0.198797
0.198727
0.198657
0.198587
0.198516
0.198446
0.198729
0.199012
0.198942
0.198872
0.199154
0.199084
0.199014
0.198944
0.198874
0.199156
0.199437
0.199367
0.199297
0.199578
0.199508
0.199789
0.199719
0.2
0.19993
0.19986
0.19979
0.19972
0.19965
0.19958
0.19986
0.19979
0.19972
0.19965
0.199581
0.199511
0.199441
0.199721
0.2
0.19993
0.19986
0.200139
0.20007
0.2
0.19993
0.199861
0.199791
0.199722
0.199652
0.199583
0.199513
0.199792
0.199722
0.2
0.200278
0.200208
0.200139
0.200069
0.2
0.199931
0.199861
0.199792
0.199723
0.199654
0.199585
0.199516
0.199447
0.199378
0.199309
0.19924
0.199172
0.199448
0.199379
0.19931
0.199242
0.199518
0.199449
0.199725
0.199656
0.199587
0.199862
0.199794
0.200069
0.200344
0.200275
0.200206
0.200137
0.200412
0.200343
0.200617
0.200549
0.200822
0.201096
0.201027
0.200959
0.20089
0.200821
0.200752
0.201026
0.200957
0.200888
0.201161
0.201093
0.201024
0.200955
0.200887
0.200818
0.20075
0.200681
0.200613
0.200545
0.200477
0.200408
0.20034
0.200272
0.200544
0.200815
0.201087
0.201019
0.20129
0.201222
0.201153
0.201424
0.201356
0.201288
0.201558
0.20149
0.20176
0.201692
0.201624
0.201894
0.201826
0.201757
0.201689
0.201621
0.201553
0.201822
0.201754
0.201686
0.201618
0.20155
0.201482
0.201415
0.201347
0.201279
0.201211
0.20148
0.201748
0.201681
0.201613
0.201545
0.201477
0.20141
0.201342
0.201275
0.201543
0.201475
0.201408
0.20134
0.201273
0.201205
0.201138
0.201071
0.201003
0.200936
0.200869
0.200802
0.200735
0.200668
0.200601
0.200534
0.200467
0.2004
0.200333
0.200267
0.2002
0.200133
0.200399
0.200333
0.200266
0.2002
0.200133
0.200066
0.2
0.199934
0.200199
0.200133
0.200398
0.200332
0.200265
0.200199
0.200464
0.200397
0.200662
0.200596
0.200529
0.200463
0.200397
0.200661
0.200595
0.200529
0.200462
0.200396
0.20033
0.200264
0.200528
0.200462
0.200396
0.200659
0.200593
0.200527
0.200461
0.200395
0.200329
0.200592
0.200526
0.200789
0.200723
0.200985
0.200919
0.200853
0.200787
0.200722
0.200656
0.200918
0.20118
0.201114
0.201048
0.200982
0.200916
0.200851
0.200785
0.200719
0.200654
0.200588
0.200523
0.200457
0.200718
0.200653
0.200913
0.201174
0.201108
0.201043
0.200977
0.200912
0.200846
0.200781
0.200716
0.20065
0.200585
0.20052
0.200455
0.20039
0.200325
0.20026
0.200195
0.20013
0.200065
0.2
0.199935
0.19987
0.199806
0.199741
0.2
0.200259
0.200194
0.200129
0.200065
0.2
0.199935
0.200194
0.200129
0.200387
0.200323
0.200258
0.200193
0.200129
0.200064
0.2
0.199936
0.199871
0.199807
0.199743
0.199678
0.199614
0.19955
0.199486
0.199422
0.199679
0.199615
0.199872
0.199808
0.200064
0.2
0.199936
0.199872
0.200128
0.200064
0.2
0.199936
0.199872
0.200128
0.200064
0.200319
0.200256
0.200192
0.200128
0.200064
0.2
0.199936
0.199872
0.199809
0.199745
0.199682
0.199618
0.199554
0.199491
0.199427
0.199364
0.199301
0.199237
0.199174
0.199111
0.199365
0.199619
0.199556
0.199493
0.199429
0.199366
0.199303
0.19924
0.199177
0.19943
0.199367
0.199304
0.199241
0.199494
0.199431
0.199368
0.199305
0.199242
0.199179
0.199116
0.199054
0.198991
0.198928
0.198865
0.198803
0.19874
0.198678
0.198615
0.198553
0.19849
0.198428
0.198365
0.198303
0.198241
0.198492
0.19843
0.198368
0.198306
0.198557
0.198495
0.198433
0.198684
0.198622
0.198559
0.198497
0.198435
0.198373
0.198311
0.198249
0.198187
0.198125
0.198063
0.198001
0.197939
0.197878
0.197816
0.197754
0.197693
0.197943
0.197881
0.197819
0.197758
0.197696
0.197635
0.197884
0.198134
0.198072
0.198011
0.197949
0.197888
0.197826
0.197765
0.197703
0.197952
0.197891
0.197829
0.198078
0.198327
0.198265
0.198204
0.198142
0.198391
0.198639
0.198577
0.198516
0.198454
0.198702
0.198641
0.198888
0.199136
0.199383
0.199321
0.19926
0.199507
0.199445
0.199384
0.19963
0.199569
0.199507
0.199446
0.199692
0.199631
0.199569
0.199508
0.199447
0.199386
0.199631
0.19957
0.199816
0.199755
0.199693
0.199632
0.199571
0.19951
0.199449
0.199387
0.199326
0.199265
0.199204
0.199143
0.199083
0.199327
0.199267
0.199511
0.19945
0.199389
0.199328
0.199268
0.199207
0.199146
0.199085
0.199025
0.198964
0.198903
0.199147
0.199087
0.199026
0.198966
0.198905
0.199149
0.199088
0.199028
0.198967
0.198907
0.198846
0.19909
0.199333
0.199575
0.199818
0.199758
0.199697
0.199636
0.199576
0.199818
0.199758
0.2
0.19994
0.199879
0.199819
0.199758
0.199698
0.199638
0.199577
0.199819
0.199759
0.199698
0.199638
0.199578
0.199819
0.199759
0.199699
0.199639
0.199579
0.199519
0.199458
0.199399
0.199339
0.199579
0.199519
0.199459
0.199399
0.19934
0.19928
0.19922
0.19916
0.1991
0.199041
0.198981
0.199221
0.199161
0.199102
0.199342
0.199581
0.199521
0.199761
0.199701
0.199641
0.19988
0.199821
0.199761
0.199701
0.199642
0.199582
0.199523
0.199463
0.199702
0.199642
0.199583
0.199524
0.199464
0.199405
0.199345
0.199286
0.199524
0.199762
0.2
0.199941
0.199881
0.200119
0.200059
0.2
0.199941
0.199881
0.199822
0.199763
0.199704
0.199941
0.199882
0.199822
0.199763
0.199704
0.199941
0.199882
0.199823
0.199764
0.199705
0.199646
0.199587
0.199528
0.199469
0.19941
0.199646
0.199587
0.199528
0.19947
0.199411
0.199352
0.199293
0.199235
0.19947
0.199412
0.199647
0.199588
0.19953
0.199471
0.199413
0.199648
0.199589
0.199531
0.199472
0.199413
0.199355
0.199297
0.199531
0.199473
0.199414
0.199356
0.199298
0.199239
0.199181
0.199123
0.199065
0.199006
0.198948
0.19889
0.199124
0.199066
0.199008
0.19895
0.198892
0.198834
0.198776
0.198718
0.19866
0.198602
0.198544
0.198487
0.198429
0.198662
0.198604
0.198547
0.198489
0.198722
0.198664
0.198606
0.198549
0.198491
0.198433
0.198376
0.198318
0.198261
0.198203
0.198436
0.198378
0.198321
0.198263
0.198495
0.198438
0.198381
0.198323
0.198266
0.198209
0.198151
0.198094
0.198326
0.198268
0.198211
0.198442
0.198385
0.198616
0.198559
0.198502
0.198445
0.198388
0.19833
0.198273
0.198216
0.198447
0.198677
0.19862
0.198563
0.198506
0.198449
0.198392
0.198622
0.198565
0.198508
0.198738
0.198681
0.198624
0.198854
0.198797
0.19874
0.198683
0.198626
0.198569
0.198513
0.198456
0.198685
0.198628
0.198571
0.198515
0.198458
0.198401
0.198345
0.198288
0.198232
0.198175
0.198119
0.198347
0.198575
0.198519
0.198747
0.198691
0.198634
0.198578
0.198521
0.198465
0.198408
0.198352
0.198295
0.198523
0.198467
0.19841
0.198354
0.198582
0.198525
0.198469
0.198413
0.19864
0.198584
0.198811
0.199037
0.198981
0.199208
0.199151
0.199095
0.199039
0.198982
0.199209
0.199435
0.199379
0.199322
0.199266
0.199492
0.199718
0.199662
0.199887
0.199831
0.200056
0.2
0.199944
0.199887
0.200113
0.200056
0.2
0.199944
0.199888
0.199831
0.199775
0.199719
0.199663
0.199607
0.199551
0.199495
0.199439
0.199383
0.199327
0.199271
0.199215
0.19916
0.199384
0.199328
0.199272
0.199217
0.199161
0.199105
0.199049
0.199273
0.199497
0.199721
0.199665
0.199609
0.199833
0.200056
0.2
0.199944
0.199888
0.199833
0.199777
0.2
0.199944
0.199889
0.199833
0.199777
0.199722
0.199666
0.199611
0.199833
0.199778
0.2
0.199944
0.199889
0.199833
0.199778
0.199723
0.199667
0.199612
0.199557
0.199501
0.199446
0.199391
0.199336
0.19928
0.199225
0.199447
0.199392
0.199613
0.199558
0.199503
0.199448
0.199669
0.199613
0.199558
0.199503
0.199448
0.199393
0.199338
0.199283
0.199228
0.199174
0.199119
0.199064
0.199009
0.198954
0.1989
0.198845
0.19879
0.198736
0.198681
0.198626
0.198572
0.198517
0.198463
0.198683
0.198628
0.198574
0.198519
0.198465
0.198411
0.198356
0.198302
0.198248
0.198467
0.198413
0.198358
0.198304
0.19825
0.198196
0.198142
0.198087
0.198033
0.197979
0.197925
0.197871
0.19809
0.198309
0.198255
0.198201
0.198147
0.198093
0.198311
0.198529
0.198475
0.198421
0.198367
0.198313
0.198259
0.198206
0.198152
0.198098
0.198044
0.19799
0.197936
0.197883
0.197829
0.197775
0.197722
0.197668
0.197615
0.197561
0.197507
0.197454
0.197671
0.197888
0.197835
0.197781
0.197728
0.197674
0.197621
0.197838
0.197784
0.197731
0.197678
0.197624
0.197571
0.197787
0.197734
0.197681
0.197627
0.197574
0.197521
0.197737
0.197953
0.1979
0.197847
0.197793
0.198009
0.197956
0.197903
0.197849
0.197796
0.197743
0.19769
0.197637
0.197584
0.197531
0.197478
0.197425
0.197372
0.197319
0.197266
0.197481
0.197428
0.197375
0.19759
0.197537
0.197485
0.197432
0.197379
0.197326
0.197541
0.197488
0.197435
0.19765
0.197597
0.197544
0.197758
0.197705
0.197653
0.1976
0.197547
0.197495
0.197442
0.197389
0.197337
0.197284
0.197232
0.197179
0.197127
0.197074
0.197022
0.19697
0.196917
0.196865
0.197078
0.197026
0.197239
0.197187
0.197135
0.197082
0.19703
0.196978
0.196926
0.196873
0.196821
0.196769
0.196982
0.19693
0.196877
0.196825
0.196773
0.196721
0.196669
0.196617
0.196565
0.196513
0.196462
0.196674
0.196622
0.19657
0.196518
0.196466
0.196414
0.196626
0.196574
0.196523
0.196471
0.196419
0.196631
0.196579
0.196527
0.196476
0.196424
0.196372
0.196321
0.196269
0.196217
0.196166
0.196377
0.196325
0.196274
0.196222
0.196171
0.19612
0.196068
0.196017
0.195965
0.195914
0.195863
0.195812
0.19576
0.195709
0.195658
0.195607
0.195556
0.195766
0.195715
0.195664
0.195874
0.195822
0.195771
0.19572
0.195669
0.195618
0.195828
0.196038
0.196247
0.196456
0.196405
0.196615
0.196824
0.196773
0.196721
0.19693
0.196879
0.196828
0.196777
0.196726
0.196934
0.196883
0.196832
0.196781
0.196989
0.197198
0.197147
0.197095
0.197044
0.197252
0.197201
0.19715
0.197099
0.197048
0.196997
0.196946
0.196895
0.196844
0.196793
0.196743
0.196692
0.196641
0.19659
0.196539
0.196489
0.196438
0.196387
0.196336
0.196286
0.196235
0.196185
0.196134
0.196341
0.196291
0.19624
0.196189
0.196139
0.196089
0.196038
0.195988
0.196194
0.196401
0.196351
0.1963
0.19625
0.196199
0.196149
0.196099
0.196048
0.196254
0.196204
0.196154
0.196104
0.196053
0.196003
0.196209
0.196159
0.196109
0.196058
0.196264
0.19647
0.196419
0.196369
0.196319
0.196269
0.196219
0.196169
0.196118
0.196068
0.196018
0.195968
0.195918
0.195868
0.195818
0.195769
0.195974
0.195924
0.195874
0.195824
0.196029
0.195979
0.196183
0.196388
0.196338
0.196288
0.196238
0.196188
0.196138
0.196088
0.196039
0.195989
0.195939
0.195889
0.19584
0.19579
0.19574
0.195691
0.195641
0.195592
0.195795
0.195746
0.195696
0.1959
0.19585
0.195801
0.196004
0.196207
0.196411
0.196361
0.196311
0.196262
0.196212
0.196163
0.196113
0.196064
0.196014
0.195965
0.195915
0.195866
0.196069
0.196019
0.19597
0.19592
0.196123
0.196074
0.196024
0.195975
0.195926
0.195876
0.195827
0.195778
0.195729
0.195679
0.19563
0.195832
0.196034
0.196236
0.196187
0.196137
0.196088
0.196039
0.19599
0.195941
0.196142
0.196093
0.196044
0.196245
0.196196
0.196147
0.196098
0.196049
0.196
0.195951
0.195902
0.195853
0.196054
0.196005
0.195956
0.195907
0.196108
0.196059
0.196259
0.19621
0.196162
0.196113
0.196064
0.196015
0.196215
0.196166
0.196366
0.196317
0.196517
0.196717
0.196917
0.196868
0.197068
0.197019
0.197218
0.197169
0.19712
0.197071
0.19727
0.197222
0.197173
0.197124
0.197075
0.197026
0.196977
0.196928
0.19688
0.196831
0.196782
0.196733
0.196685
0.196636
0.196588
0.196786
0.196738
0.196689
0.19664
0.196592
0.196543
0.196495
0.196446
0.196398
0.196349
0.196301
0.196252
0.196204
0.196156
0.196107
0.196305
0.196503
0.196455
0.196407
0.196604
0.196802
0.196754
0.196705
0.196903
0.196854
0.196806
0.196758
0.196709
0.196661
0.196613
0.196564
0.196762
0.196713
0.196665
0.196617
0.196814
0.196765
0.196717
0.196669
0.196866
0.196818
0.197014
0.197211
0.197162
0.197114
0.197066
0.197018
0.197214
0.19741
0.197362
0.197314
0.197266
0.197217
0.197169
0.197121
0.197073
0.197269
0.197465
0.197417
0.197368
0.19732
0.197272
0.197224
0.197176
0.197372
0.197324
0.197276
0.197228
0.19718
0.197132
0.197084
0.197036
0.196988
0.19694
0.196892
0.197087
0.19704
0.196992
0.196944
0.196896
0.196848
0.196801
0.196753
0.196705
0.1969
0.196852
0.196805
0.196999
0.196951
0.197146
0.19734
0.197292
0.197486
0.19768
0.197632
0.197585
0.197537
0.197489
0.197441
0.197394
0.197346
0.197299
0.197251
0.197203
0.197156
0.197108
0.197061
0.197013
0.196966
0.196919
0.196871
0.196824
0.196777
0.19697
0.197163
0.197356
0.197308
0.197501
0.197454
0.197406
0.197359
0.197312
0.197264
0.197217
0.19717
0.197122
0.197075
0.197028
0.196981
0.197173
0.197126
0.197079
0.197031
0.196984
0.197176
0.197129
0.197082
0.197035
0.196988
0.19718
0.197372
0.197324
0.197516
0.197469
0.197422
0.197375
0.197328
0.197281
0.197233
0.197425
0.197616
0.197569
0.197522
0.197475
0.197666
0.197619
0.197572
0.197763
0.197716
0.197907
0.19786
0.197813
0.197766
0.197719
0.197672
0.197625
0.197578
0.197531
0.197484
0.197437
0.19739
0.197343
0.197534
0.197487
0.19744
0.197393
0.197347
0.1973
0.19749
0.197443
0.197396
0.19735
0.19754
0.197729
0.197683
0.197636
0.197589
0.197543
0.197496
0.197449
0.197403
0.197356
0.197309
0.197499
0.197452
0.197406
0.197359
0.197313
0.197266
0.19722
0.197173
0.197127
0.19708
0.197034
0.197223
0.197176
0.19713
0.197084
0.197273
0.197226
0.197415
0.197603
0.197557
0.197511
0.197464
0.197653
0.197606
0.19756
0.197513
0.197467
0.197421
0.197375
0.197328
0.197282
0.197236
0.19719
0.197144
0.197097
0.197051
0.197005
0.196959
0.196913
0.196867
0.196821
0.196775
0.196963
0.196917
0.196871
0.197058
0.197012
0.1972
0.197387
0.197341
0.197528
0.197482
0.197436
0.19739
0.197344
0.197298
0.197252
0.197206
0.197393
0.197347
0.197301
0.197255
0.197442
0.197396
0.19735
0.197537
0.197491
0.197445
0.197399
0.197353
0.197539
0.197494
0.197448
0.197402
0.197356
0.19731
0.197497
0.197682
0.197637
0.197823
0.197777
0.197731
0.197685
0.197639
0.197594
0.197548
0.197502
0.197457
0.197411
0.197596
0.197551
0.197505
0.19746
0.197414
0.197368
0.197323
0.197277
0.197232
0.197186
0.197141
0.197095
0.19728
0.197235
0.19719
0.197144
0.197099
0.197053
0.197008
0.196963
0.196917
0.196872
0.197057
0.197241
0.197196
0.197151
0.197335
0.19729
0.197245
0.197199
0.197384
0.197338
0.197293
0.197248
0.197202
0.197157
0.197112
0.197067
0.197022
0.196977
0.196932
0.196886
0.196841
0.196796
0.196751
0.196706
0.196661
0.196616
0.196571
0.196527
0.196482
0.196437
0.196392
0.196347
0.196302
0.196257
0.196213
0.196168
0.196123
0.196078
0.196034
0.195989
0.195944
0.1959
0.196083
0.196038
0.195994
0.195949
0.195904
0.19586
0.196043
0.195998
0.195954
0.195909
0.195865
0.19582
0.195776
0.195731
0.195687
0.195869
0.195825
0.196007
0.195963
0.195918
0.195874
0.196056
0.196012
0.196194
0.196149
0.196105
0.196061
0.196016
0.195972
0.195928
0.195883
0.195839
0.195795
0.19575
0.195932
0.195888
0.195844
0.195799
0.195981
0.196163
0.196118
0.196074
0.19603
0.195986
0.195941
0.196123
0.196078
0.196034
0.196215
0.196171
0.196127
0.196083
0.196264
0.19622
0.196175
0.196131
0.196087
0.196043
0.195999
0.195955
0.195911
0.195867
0.195823
0.195779
0.195735
0.195691
0.195647
0.195603
0.19556
0.19574
0.19592
0.1961
0.196056
0.196013
0.195969
0.195925
0.195881
0.195837
0.195793
0.195749
0.195706
0.195662
0.195618
0.195798
0.195754
0.19571
0.195667
0.195623
0.195579
0.195536
0.195715
0.195672
0.195628
0.195584
0.195541
0.195497
0.195676
0.195856
0.196035
0.195991
0.195947
0.195904
0.19586
0.195817
0.195996
0.195952
0.195908
0.196087
0.196266
0.196222
0.196401
0.196357
0.196314
0.196492
0.196448
0.196405
0.196361
0.196318
0.196274
0.196231
0.196187
0.196144
0.1961
0.196057
0.196013
0.19597
0.195927
0.195883
0.19584
0.195796
0.195753
0.195931
0.195888
0.195844
0.195801
0.195758
0.195715
0.195892
0.195849
0.196026
0.196204
0.196161
0.196117
0.196074
0.196031
0.195988
0.195944
0.195901
0.195858
0.196035
0.195992
0.195949
0.196126
0.196083
0.19604
0.195996
0.195953
0.19591
0.195867
0.195824
0.195781
0.195738
0.195695
0.195872
0.195829
0.195786
0.195743
0.1957
0.195657
0.195614
0.19579
0.195747
0.195924
0.195881
0.196057
0.196014
0.195971
0.195928
0.195885
0.196061
0.196018
0.195975
0.195933
0.19589
0.195847
0.195804
0.195761
0.195719
0.195894
0.195852
0.196027
0.195984
0.195942
0.195899
0.195856
0.195813
0.195771
0.195728
0.195685
0.195861
0.195818
0.195775
0.195733
0.19569
0.195647
0.195822
0.195997
0.195955
0.195912
0.196087
0.196262
0.196219
0.196176
0.196134
0.196308
0.196266
0.196223
0.196181
0.196138
0.196312
0.196487
0.196661
0.196618
0.196576
0.196533
0.19649
0.196448
0.196622
0.196796
0.196753
0.196711
0.196884
0.196842
0.196799
0.196973
0.197147
0.19732
0.197277
0.197235
0.197192
0.19715
0.197107
0.197065
0.197022
0.19698
0.196937
0.196895
0.196852
0.19681
0.196767
0.196725
0.196682
0.19664
0.196598
0.196555
0.196728
0.196686
0.196644
0.196817
0.196774
0.196947
0.19712
0.197077
0.197035
0.197207
0.197165
0.197123
0.197295
0.197253
0.197425
0.197383
0.19734
0.197298
0.197256
0.197213
0.197171
0.197129
0.197087
0.197044
0.197216
0.197174
0.197132
0.19709
0.197048
0.197005
0.196963
0.196921
0.196879
0.196837
0.196795
0.196753
0.196711
0.196669
0.19684
0.196798
0.19697
0.196928
0.196886
0.196844
0.196802
0.19676
0.196718
0.196676
0.196634
0.196592
0.19655
0.196508
0.196467
0.196425
0.196383
0.196341
0.196299
0.196258
0.196216
0.196387
0.196558
0.196516
0.196474
0.196432
0.196391
0.196349
0.196307
0.196266
0.196224
0.196182
0.196141
0.196099
0.19627
0.196228
0.196186
0.196145
0.196103
0.196062
0.19602
0.195979
0.195937
0.195896
0.195854
0.196025
0.195983
0.195942
0.1959
0.195859
0.195817
0.195776
0.195735
0.195693
0.195652
0.195611
0.19557
0.195528
0.195698
0.195868
0.196037
0.195996
0.196165
0.196124
0.196083
0.196041
0.196
0.195959
0.195918
0.195876
0.195835
0.195794
0.195753
0.195712
0.195881
0.195839
0.195798
0.195757
0.195716
0.195885
0.195844
0.195803
0.195762
0.195721
0.19568
0.195638
0.195597
0.195556
0.195516
0.195475
0.195434
0.195393
0.195352
0.19552
0.195479
0.195438
0.195397
0.195357
0.195316
0.195275
0.195234
0.195402
0.19557
0.19553
0.195489
0.195448
0.195407
0.195366
0.195326
0.195285
0.195244
0.195203
0.195163
0.195122
0.19529
0.195457
0.195417
0.195376
0.195544
0.195503
0.195462
0.195421
0.195381
0.19534
0.1953
0.195259
0.195426
0.195386
0.195345
0.195304
0.195264
0.195223
0.195183
0.19535
0.195309
0.195269
0.195436
0.195395
0.195562
0.195521
0.195481
0.19544
0.1954
0.195359
0.195319
0.195486
0.195445
0.195612
0.195571
0.195738
0.195697
0.195657
0.195616
0.195576
0.195535
0.195495
0.195455
0.195414
0.195374
0.195333
0.195293
0.195253
0.195213
0.195172
0.195132
0.195298
0.195258
0.195217
0.195177
0.195343
0.195303
0.195263
0.195222
0.195182
0.195142
0.195308
0.195267
0.195433
0.195393
0.195353
0.195313
0.195478
0.195438
0.195398
0.195357
0.195317
0.195483
0.195648
0.195813
0.195773
0.195732
0.195692
0.195652
0.195612
0.195572
0.195737
0.195697
0.195657
0.195821
0.195781
0.195946
0.195906
0.195866
0.19603
0.19599
0.196155
0.196115
0.196074
0.196034
0.195994
0.196159
0.196118
0.196078
0.196038
0.196203
0.196162
0.196122
0.196082
0.196042
0.196002
0.195962
0.195923
0.196086
0.19625
0.196414
0.196374
0.196334
0.196294
0.196254
0.196418
0.196378
0.196338
0.196298
0.196461
0.196421
0.196381
0.196341
0.196302
0.196262
0.196222
0.196182
0.196142
0.196102
0.196265
0.196226
0.196186
0.196146
0.196106
0.196066
0.196027
0.195987
0.195947
0.19611
0.19607
0.196031
0.195991
0.195951
0.195912
0.195872
0.195832
0.195995
0.195956
0.195916
0.195876
0.195837
0.195797
0.195758
0.195718
0.195679
0.195639
0.195801
0.195964
0.195924
0.196086
0.196047
0.196007
0.195968
0.19613
0.19609
0.196051
0.196213
0.196375
0.196335
0.196296
0.196256
0.196217
0.196177
0.196339
0.196299
0.196461
0.196421
0.196382
0.196342
0.196303
0.196264
0.196425
0.196386
0.196346
0.196307
0.196267
0.196228
0.196389
0.19655
0.196711
0.196672
0.196633
0.196593
0.196554
0.196514
0.196675
0.196636
0.196597
0.196757
0.196718
0.196679
0.196639
0.1966
0.196561
0.196521
0.196482
0.196443
0.196404
0.196364
0.196325
0.196286
0.196247
0.196208
0.196168
0.196129
0.19629
0.19625
0.196211
0.196172
0.196133
0.196094
0.196055
0.196215
0.196176
0.196137
0.196098
0.196059
0.19602
0.195981
0.195942
0.195903
0.196063
0.196024
0.195985
0.195946
0.195907
0.195868
0.195829
0.19579
0.195751
0.195713
0.195674
0.195833
0.195794
0.195756
0.195717
0.195678
0.195639
0.1956
0.195562
0.195523
0.195484
0.195446
0.195407
0.195368
0.19533
0.195291
0.195252
0.195214
0.195175
0.195136
0.195296
0.195257
0.195416
0.195377
0.195339
0.1953
0.195262
0.195223
0.195185
0.195343
0.195305
0.195464
0.195425
0.195386
0.195545
0.195506
0.195665
0.195823
0.195982
0.195943
0.195905
0.195866
0.196024
0.195986
0.195947
0.195909
0.19587
0.195832
0.195793
0.195951
0.195913
0.195874
0.195836
0.195797
0.195759
0.19572
0.195682
0.195644
0.195605
0.195763
0.195725
0.195882
0.195844
0.195806
0.195767
0.195729
0.195886
0.196044
0.196201
0.196163
0.196124
0.196086
0.196243
0.196205
0.196167
0.196128
0.19609
0.196052
0.196013
0.195975
0.195937
0.195898
0.196055
0.196017
0.195979
0.195941
0.195902
0.195864
0.195826
0.195983
0.195945
0.195906
0.196063
0.19622
0.196182
0.196143
0.196105
0.196067
0.196029
0.195991
0.195953
0.195914
0.195876
0.195838
0.1958
0.195762
0.195918
0.19588
0.195842
0.195804
0.195766
0.195728
0.19569
0.195652
0.195614
0.195576
0.195538
0.1955
0.195462
0.195618
0.195581
0.195543
0.195505
0.195467
0.195623
0.195585
0.195547
0.195509
0.195471
0.195433
0.195589
0.195551
0.195707
0.195669
0.195631
0.195593
0.195749
0.195711
0.195673
0.195635
0.195598
0.19556
0.195715
0.195677
0.19564
0.195602
0.195564
0.195719
0.195682
0.195644
0.195606
0.195568
0.195723
0.195686
0.195648
0.19561
0.195765
0.195727
0.195882
0.195845
0.195807
0.195769
0.195924
0.196078
0.196041
0.196195
0.196158
0.19612
0.196274
0.196237
0.196199
0.196161
0.196124
0.196086
0.196048
0.196011
0.195973
0.195936
0.195898
0.19586
0.195823
0.195785
0.195939
0.195902
0.196056
0.196018
0.195981
0.195943
0.195906
0.19606
0.196213
0.196176
0.19633
0.196483
0.196446
0.196408
0.196371
0.196524
0.196487
0.19664
0.196602
0.196565
0.196527
0.19649
0.196452
0.196606
0.196568
0.196721
0.196684
0.196646
0.196609
0.196571
0.196534
0.196497
0.196459
0.196422
0.196384
0.196347
0.1965
0.196463
0.196425
0.196388
0.19635
0.196313
0.196466
0.196619
0.196581
0.196544
0.196507
0.196469
0.196432
0.196395
0.196547
0.1967
0.196662
0.196625
0.196588
0.19655
0.196703
0.196665
0.196818
0.19678
0.196743
0.196706
0.196669
0.196631
0.196783
0.196746
0.196709
0.196672
0.196824
0.196786
0.196938
0.196901
0.196864
0.196827
0.196789
0.196752
0.196715
0.196678
0.196641
0.196604
0.196567
0.19653
0.196493
0.196456
0.196607
0.19657
0.196533
0.196496
0.196459
0.196422
0.196385
0.196348
0.196311
0.196462
0.196425
0.196388
0.196351
0.196314
0.196277
0.196241
0.196392
0.196543
0.196506
0.196469
0.19662
0.196771
0.196734
0.196697
0.19666
0.196811
0.196774
0.196737
0.1967
0.19685
0.196813
0.196777
0.19674
0.196703
0.196666
0.196629
0.196592
0.196556
0.196519
0.196482
0.196445
0.196409
0.196372
0.196335
0.196485
0.196449
0.196412
0.196375
0.196339
0.196489
0.196452
0.196415
0.196379
0.196342
0.196305
0.196269
0.196232
0.196195
0.196159
0.196122
0.196086
0.196049
0.196013
0.195976
0.19594
0.196089
0.196239
0.196203
0.196166
0.19613
0.196093
0.196057
0.196206
0.19617
0.196133
0.196097
0.19606
0.196024
0.195987
0.195951
0.195915
0.195878
0.196027
0.195991
0.195955
0.195918
0.195882
0.195846
0.195995
0.195958
0.195922
0.195886
0.19585
0.195999
0.195962
0.195926
0.19589
0.195853
0.195817
0.195966
0.19593
0.195893
0.195857
0.196006
0.19597
0.196118
0.196082
0.196046
0.196194
0.196343
0.196307
0.19627
0.196234
0.196198
0.196346
0.19631
0.196274
0.196238
0.196201
0.196165
0.196129
0.196093
0.196057
0.196205
0.196353
0.196317
0.196281
0.196244
0.196208
0.196172
0.196136
0.196284
0.196248
0.196396
0.19636
0.196324
0.196287
0.196251
0.196215
0.196179
0.196327
0.196291
0.196255
0.196219
0.196183
0.196147
0.196294
0.196258
0.196222
0.196186
0.19615
0.196114
0.196078
0.196226
0.19619
0.196154
0.196301
0.196265
0.196229
0.196193
0.19634
0.196487
0.196451
0.196416
0.196562
0.196527
0.196491
0.196455
0.196419
0.196383
0.196347
0.196494
0.196458
0.196422
0.196386
0.196533
0.196497
0.196461
0.196425
0.196389
0.196354
0.196318
0.196282
0.196246
0.196393
0.196357
0.196503
0.19665
0.196614
0.196578
0.196542
0.196507
0.196471
0.196435
0.196399
0.196364
0.196328
0.196292
0.196257
0.196403
0.196367
0.196331
0.196296
0.19626
0.196224
0.196189
0.196153
0.196118
0.196082
0.196046
0.196011
0.195975
0.19594
0.196086
0.19605
0.196014
0.195979
0.195944
0.195908
0.195873
0.195837
0.195983
0.195947
0.195912
0.195876
0.196022
0.195986
0.195951
0.196096
0.196061
0.196025
0.19599
0.196135
0.1961
0.196064
0.196029
0.195993
0.195958
0.195923
0.195887
0.195852
0.195997
0.195962
0.195926
0.196071
0.196036
0.196181
0.196326
0.19629
0.196255
0.19622
0.196184
0.196149
0.196114
0.196078
0.196043
0.196008
0.195973
0.195937
0.196082
0.196047
0.196191
0.196336
0.19648
0.196445
0.196409
0.196374
0.196339
0.196483
0.196627
0.196592
0.196557
0.196701
0.196665
0.196809
0.196953
0.196918
0.196883
0.196848
0.196812
0.196777
0.196921
0.196886
0.19685
0.196815
0.19678
0.196745
0.19671
0.196674
0.196639
0.196604
0.196569
0.196534
0.196499
0.196464
0.196607
0.196572
0.196537
0.196502
0.196467
0.19661
0.196753
0.196718
0.196683
0.196648
0.196613
0.196578
0.196721
0.196686
0.196651
0.196794
0.196937
0.196902
0.196867
0.196832
0.196797
0.196762
0.196727
0.196692
0.196657
0.196622
0.196587
0.196552
0.196695
0.19666
0.196625
0.19659
0.196733
0.196698
0.196841
0.196983
0.196948
0.196913
0.196878
0.196843
0.196986
0.196951
0.197093
0.197236
0.197201
0.197166
0.197131
0.197096
0.197061
0.197203
0.197168
0.197133
0.197098
0.197064
0.197029
0.196994
0.196959
0.196924
0.196889
0.197031
0.196996
0.196962
0.196927
0.196892
0.196857
0.196999
0.197141
0.197106
0.197071
0.197037
0.197002
0.196967
0.196932
0.196898
0.196863
0.196828
0.196794
0.196759
0.196724
0.196866
0.196831
0.196796
0.196762
0.196727
0.196692
0.196834
0.196799
0.196765
0.19673
0.196695
0.196661
0.196802
0.196767
0.196733
0.196698
0.196664
0.196629
0.196595
0.19656
0.196701
0.196667
0.196808
0.196773
0.196914
0.196879
0.19702
0.196986
0.196951
0.196917
0.196882
0.196848
0.196813
0.196954
0.196919
0.196885
0.19685
0.196816
0.196782
0.196747
0.196713
0.196678
0.196644
0.19661
0.196575
0.196541
0.196507
0.196472
0.196613
0.196578
0.196544
0.19651
0.196475
0.196615
0.196581
0.196721
0.196687
0.196653
0.196618
0.196584
0.19655
0.196516
0.196656
0.196621
0.196587
0.196553
0.196519
0.196485
0.19645
0.196416
0.196382
0.196348
0.196314
0.19628
0.196245
0.196211
0.196351
0.196317
0.196283
0.196249
0.196215
0.196181
0.196147
0.196112
0.196078
0.196044
0.19601
0.195976
0.195942
0.195908
0.195874
0.195841
0.19598
0.195946
0.195912
0.196051
0.19619
0.196157
0.196123
0.196089
0.196228
0.196194
0.19616
0.196299
0.196438
0.196404
0.19637
0.196336
0.196302
0.196268
0.196407
0.196373
0.196339
0.196305
0.196444
0.19641
0.196376
0.196342
0.196308
0.196275
0.196241
0.196379
0.196345
0.196312
0.19645
0.196416
0.196382
0.196349
0.196315
0.196281
0.196247
0.196213
0.19618
0.196146
0.196112
0.19625
0.196217
0.196183
0.196149
0.196116
0.196082
0.196048
0.196014
0.195981
0.195947
0.195913
0.19588
0.195846
0.195984
0.196122
0.196089
0.196055
0.196021
0.195988
0.195954
0.19592
0.195887
0.196025
0.196162
0.196129
0.196095
0.196233
0.196199
0.196337
0.196303
0.19627
0.196236
0.196203
0.19634
0.196306
0.196273
0.196239
0.196206
0.196172
0.196139
0.196105
0.196243
0.196209
0.196176
0.196313
0.196279
0.196246
0.196383
0.19652
0.196657
0.196623
0.19659
0.196556
0.196523
0.196489
0.196456
0.196593
0.196559
0.196526
0.196492
0.196459
0.196426
0.196392
0.196529
0.196495
0.196462
0.196429
0.196395
0.196362
0.196328
0.196295
0.196262
0.196228
0.196195
0.196162
0.196298
0.196435
0.196401
0.196368
0.196335
0.196301
0.196268
0.196235
0.196201
0.196168
0.196135
0.196271
0.196238
0.196205
0.196171
0.196138
0.196105
0.196072
0.196039
0.196005
0.196141
0.196108
0.196075
0.196042
0.196009
0.195976
0.195943
0.195909
0.195876
0.195843
0.195979
0.195946
0.196082
0.196049
0.196184
0.196151
0.196118
0.196085
0.196052
0.196188
0.196154
0.196121
0.196088
0.196055
0.196022
0.196158
0.196125
0.196092
0.196059
0.196026
0.196161
0.196128
0.196095
0.196062
0.196029
0.195996
0.196131
0.196266
0.196402
0.196369
0.196336
0.196303
0.19627
0.196237
0.196204
0.196171
0.196138
0.196105
0.19624
0.196207
0.196174
0.196141
0.196108
0.196075
0.196042
0.196009
0.195977
0.196111
0.196246
0.196213
0.19618
0.196147
0.196115
0.196249
0.196216
0.196351
0.196485
0.196452
0.196587
0.196721
0.196688
0.196656
0.19679
0.196924
0.196891
0.196858
0.196825
0.196793
0.196927
0.196894
0.196861
0.196828
0.196962
0.196929
0.197063
0.197197
0.197164
0.197131
0.197099
0.197066
0.197033
0.197167
0.197134
0.197101
0.197068
0.197035
0.197003
0.19697
0.196937
0.196904
0.196871
0.196839
0.196806
0.196939
0.196907
0.19704
0.197007
0.196975
0.196942
0.197075
0.197043
0.19701
0.196977
0.197111
0.197244
0.197211
0.197344
0.197312
0.197279
0.197246
0.197213
0.197181
0.197148
0.197115
0.197083
0.19705
0.197017
0.196985
0.196952
0.19692
0.196887
0.196854
0.196987
0.196955
0.197088
0.197055
0.197022
0.19699
0.197123
0.19709
0.197057
0.197025
0.196992
0.19696
0.196927
0.196895
0.196862
0.196995
0.196962
0.19693
0.196897
0.196865
0.196832
0.196965
0.196932
0.1969
0.196867
0.196835
0.196802
0.19677
0.196738
0.196705
0.196673
0.19664
0.196608
0.196576
0.196708
0.196675
0.196643
0.196611
0.196578
0.196711
0.196678
0.196646
0.196778
0.196746
0.196713
0.196845
0.196813
0.196781
0.196912
0.197044
0.197012
0.19698
0.197111
0.197079
0.197047
0.197014
0.196982
0.19695
0.196918
0.196885
0.196853
0.196821
0.196788
0.196756
0.196888
0.196856
0.196987
0.197119
0.197086
0.197218
0.197185
0.197153
0.197284
0.197252
0.19722
0.197351
0.197319
0.19745
0.197418
0.197386
0.197353
0.197321
0.197289
0.197257
0.197224
0.197192
0.197323
0.197454
0.197422
0.19739
0.197358
0.197489
0.197456
0.197424
0.197392
0.197523
0.197654
0.197621
0.197752
0.19772
0.197688
0.197655
0.197623
0.197591
0.197722
0.19769
0.197657
0.197788
0.197918
0.197886
0.197854
0.197822
0.19779
0.197758
0.197725
0.197693
0.197661
0.197791
0.197759
0.197727
0.197857
0.197825
0.197793
0.197761
0.197729
0.197697
0.197665
0.197633
0.197601
0.197569
0.197537
0.197505
0.197473
0.197441
0.197409
0.197377
0.197507
0.197475
0.197443
0.197411
0.197379
0.197509
0.197639
0.197607
0.197575
0.197543
0.197511
0.197641
0.197609
0.197738
0.197868
0.197836
0.197804
0.197772
0.19774
0.197708
0.197676
0.197644
0.197613
0.197581
0.19771
0.197678
0.197646
0.197614
0.197583
0.197712
0.19768
0.197648
0.197616
0.197746
0.197714
0.197682
0.19765
0.197618
0.197747
0.197716
0.197845
0.197813
0.197781
0.197749
0.197717
0.197686
0.197654
0.197622
0.19759
0.197559
0.197527
0.197495
0.197463
0.197592
0.197721
0.19785
0.197978
0.197947
0.197915
0.197883
0.197852
0.19782
0.197788
0.197756
0.197725
0.197693
0.197822
0.19779
0.197758
0.197727
0.197695
0.197663
0.197632
0.1976
0.197728
0.197697
0.197665
0.197634
0.197762
0.19773
0.197699
0.197667
0.197635
0.197604
0.197572
0.197541
0.197509
0.197478
0.197446
0.197415
0.197383
0.197511
0.19748
0.197448
0.197417
0.197385
0.197354
0.197322
0.197291
0.197259
0.197228
0.197197
0.197165
0.197134
0.197262
0.19723
0.197358
0.197486
0.197454
0.197582
0.197551
0.197519
0.197488
0.197456
0.197425
0.197394
0.197521
0.19749
0.197458
0.197586
0.197554
0.197523
0.19765
0.197778
0.197746
0.197715
0.197842
0.197811
0.19778
0.197748
0.197875
0.197844
0.197813
0.19794
0.197908
0.197877
0.197846
0.197814
0.197783
0.19791
0.197879
0.197847
0.197974
0.197943
0.197912
0.19788
0.197849
0.197818
0.197787
0.197913
0.197882
0.197851
0.19782
0.197788
0.197757
0.197726
0.197853
0.197821
0.19779
0.197759
0.197885
0.197854
0.197981
0.19795
0.197918
0.197887
0.197856
0.197825
0.197951
0.198078
0.198046
0.198173
0.198141
0.19811
0.198079
0.198048
0.198174
0.198143
0.198112
0.198238
0.198364
0.198333
0.198302
0.19827
0.198396
0.198365
0.198334
0.19846
0.198429
0.198398
0.198524
0.198492
0.198461
0.19843
0.198399
0.198525
0.198494
0.198463
0.198431
0.1984
0.198369
0.198338
0.198307
0.198433
0.198402
0.19837
0.198339
0.198308
0.198277
0.198246
0.198372
0.198341
0.198466
0.198435
0.19856
0.198529
0.198498
0.198624
0.198593
0.198562
0.198531
0.198656
0.198625
0.198594
0.198563
0.198532
0.198501
0.19847
0.198439
0.198408
0.198377
0.198346
0.198315
0.198284
0.198253
0.198378
0.198347
0.198316
0.198285
0.198254
0.198379
0.198348
0.198317
0.198287
0.198256
0.198225
0.198194
0.198163
0.198132
0.198101
0.198071
0.19804
0.198165
0.198134
0.198103
0.198072
0.198041
0.198011
0.19798
0.197949
0.197918
0.197888
0.198012
0.197981
0.197951
0.19792
0.197889
0.197858
0.197828
0.197797
0.197766
0.197736
0.197705
0.197674
0.197644
0.197613
0.197583
0.197552
0.197521
0.197646
0.197615
0.197584
0.197554
0.197523
0.197493
0.197462
0.197432
0.197401
0.19737
0.19734
0.197309
0.197279
0.197403
0.197527
0.197497
0.197466
0.197435
0.197405
0.197375
0.197344
0.197314
0.197283
0.197253
0.197377
0.197346
0.197316
0.197285
0.197255
0.197224
0.197194
0.197164
0.197133
0.197103
0.197072
0.197042
0.197012
0.196981
0.196951
0.196921
0.19689
0.19686
0.196984
0.196953
0.196923
0.196893
0.196863
0.196832
0.196802
0.196772
0.196741
0.196711
0.196835
0.196804
0.196774
0.196744
0.196714
0.196684
0.196653
0.196623
0.196593
0.196563
0.196533
0.196503
0.196472
0.196596
0.196565
0.196535
0.196505
0.196628
0.196598
0.196568
0.196538
0.196508
0.196478
0.196448
0.196571
0.196541
0.196511
0.19648
0.19645
0.19642
0.19639
0.19636
0.19633
0.1963
0.19627
0.19624
0.19621
0.19618
0.19615
0.19612
0.19609
0.19606
0.196031
0.196001
0.195971
0.195941
0.195911
0.195881
0.195851
0.195974
0.195944
0.195914
0.196037
0.196007
0.196129
0.196099
0.196222
0.196192
0.196162
0.196132
0.196255
0.196225
0.196347
0.196469
0.196592
0.196562
0.196532
0.196502
0.196472
0.196442
0.196412
0.196534
0.196657
0.196627
0.196597
0.196719
0.196689
0.196811
0.196781
0.196751
0.196721
0.196691
0.196662
0.196632
0.196602
0.196572
0.196542
0.196513
0.196634
0.196605
0.196726
0.196696
0.196667
0.196637
0.196607
0.196577
0.196548
0.196518
0.196488
0.196458
0.196429
0.19655
0.19652
0.196491
0.196461
0.196431
0.196402
0.196372
0.196342
0.196313
0.196434
0.196404
0.196375
0.196345
0.196466
0.196437
0.196558
0.196528
0.19665
0.19662
0.196741
0.196711
0.196833
0.196954
0.196924
0.196894
0.197015
0.196986
0.197107
0.197228
0.197198
0.197168
0.197139
0.197109
0.197079
0.19705
0.19702
0.19699
0.196961
0.197081
0.197202
0.197173
0.197143
0.197264
0.197234
0.197204
0.197175
0.197145
0.197115
0.197086
0.197206
0.197177
0.197147
0.197118
0.197238
0.197208
0.197179
0.197149
0.19712
0.19709
0.197061
0.197031
0.197002
0.196972
0.196942
0.196913
0.196883
0.197004
0.196974
0.197095
0.197065
0.197035
0.197006
0.197126
0.197097
0.197067
0.197038
0.197008
0.196979
0.196949
0.19692
0.19689
0.19701
0.196981
0.196952
0.197072
0.197042
0.197013
0.196983
0.196954
0.196924
0.196895
0.196866
0.196836
0.196956
0.197076
0.197196
0.197166
0.197137
0.197257
0.197227
0.197198
0.197168
0.197139
0.19711
0.19708
0.197051
0.197022
0.196992
0.196963
0.196934
0.196904
0.196875
0.196846
0.196965
0.196936
0.196907
0.196877
0.196848
0.196967
0.196938
0.196909
0.19688
0.19685
0.19697
0.19694
0.19706
0.19703
0.197001
0.196972
0.196943
0.197062
0.197033
0.197152
0.197123
0.197093
0.197212
0.197183
0.197154
0.197125
0.197095
0.197066
0.197185
0.197156
0.197127
0.197098
0.197068
0.197039
0.19701
0.196981
0.196952
0.196923
0.197041
0.197012
0.197131
0.197102
0.197073
0.197044
0.197014
0.196985
0.196956
0.196927
0.196898
0.196869
0.196988
0.197106
0.197077
0.197048
0.197166
0.197137
0.197108
0.197079
0.19705
0.197021
0.196992
0.196963
0.196934
0.196905
0.196876
0.196847
0.196818
0.196936
0.196907
0.197025
0.196996
0.196967
0.196938
0.196909
0.196881
0.196999
0.19697
0.197088
0.197206
0.197324
0.197295
0.197266
0.197237
0.197208
0.197179
0.19715
0.197121
0.197239
0.19721
0.197181
0.197152
0.19727
0.197241
0.197212
0.197183
0.197301
0.197272
0.197243
0.197214
0.197185
0.197156
0.197127
0.197245
0.197216
0.197187
0.197305
0.197276
0.197393
0.197365
0.197336
0.197307
0.197278
0.197249
0.19722
0.197191
0.197162
0.197134
0.197105
0.197076
0.197193
0.197165
0.197136
0.197107
0.197078
0.197195
0.197313
0.197284
0.197255
0.197226
0.197343
0.197315
0.197432
0.197403
0.197374
0.197345
0.197317
0.197288
0.197259
0.19723
0.197202
0.197173
0.19729
0.197261
0.197232
0.197349
0.197321
0.197292
0.197263
0.197234
0.197206
0.197177
0.197148
0.19712
0.197091
0.197062
0.197034
0.197005
0.196976
0.196948
0.197064
0.197036
0.197007
0.196978
0.197095
0.197067
0.197183
0.197154
0.197126
0.197097
0.197069
0.19704
0.197157
0.197128
0.197099
0.197071
0.197042
0.197014
0.196985
0.196957
0.196928
0.196899
0.196871
0.196987
0.196959
0.197075
0.197046
0.197018
0.196989
0.197106
0.197222
0.197338
0.197309
0.197426
0.197397
0.197368
0.19734
0.197311
0.197283
0.197254
0.19737
0.197486
0.197602
0.197574
0.197545
0.197517
0.197488
0.19746
0.197431
0.197403
0.197374
0.197346
0.197317
0.197289
0.19726
0.197376
0.197348
0.197319
0.197291
0.197262
0.197234
0.197205
0.197177
0.197149
0.19712
0.197092
0.197207
0.197179
0.197151
0.197266
0.197238
0.197209
0.197181
0.197153
0.197268
0.197384
0.197355
0.197327
0.197442
0.197414
0.197385
0.197357
0.197472
0.197444
0.197416
0.197387
0.197503
0.197474
0.197446
0.197417
0.197389
0.197504
0.197476
0.197448
0.197419
0.197391
0.197506
0.197621
0.197593
0.197708
0.197679
0.197794
0.197766
0.197738
0.197709
0.197681
0.197653
0.197625
0.197596
0.197568
0.19754
0.197654
0.197626
0.197741
0.197856
0.197827
0.197942
0.197914
0.198028
0.198
0.197972
0.197943
0.198058
0.19803
0.198144
0.198116
0.198088
0.198202
0.198174
0.198146
0.198117
0.198089
0.198061
0.198033
0.198004
0.197976
0.197948
0.19792
0.197891
0.197863
0.197835
0.197949
0.197921
0.197893
0.198007
0.197979
0.197951
0.197923
0.197894
0.198009
0.19798
0.198094
0.198066
0.198038
0.19801
0.197982
0.198096
0.198068
0.198039
0.198011
0.197983
0.197955
0.197927
0.197899
0.198013
0.197985
0.197957
0.197928
0.1979
0.197872
0.197986
0.1981
0.198214
0.198185
0.198157
0.198129
0.198101
0.198073
0.198045
0.198017
0.197989
0.197961
0.197933
0.198046
0.198018
0.19799
0.197962
0.198076
0.198048
0.19802
0.197992
0.197964
0.198077
0.198191
0.198163
0.198135
0.198107
0.19822
0.198192
0.198164
0.198136
0.198108
0.198221
0.198193
0.198165
0.198137
0.198109
0.198081
0.198053
0.198025
0.197997
0.19797
0.197942
0.197914
0.197886
0.197858
0.19783
0.197802
0.197774
0.197746
0.197719
0.197691
0.197663
0.197635
0.197748
0.19772
0.197692
0.197805
0.197777
0.19775
0.197862
0.197835
0.197807
0.197779
0.197751
0.197723
0.197696
0.197668
0.19764
0.197612
0.197585
0.197697
0.19767
0.197642
0.197614
0.197727
0.197839
0.197811
0.197784
0.197896
0.197868
0.197841
0.197813
0.197785
0.197758
0.19773
0.197842
0.197815
0.197787
0.197899
0.198011
0.198124
0.198096
0.198068
0.198041
0.198013
0.197985
0.197957
0.19793
0.197902
0.197874
0.197847
0.197819
0.197791
0.197904
0.197876
0.197848
0.197821
0.197793
0.197765
0.197738
0.19771
0.197683
0.197655
0.197767
0.197739
0.197712
0.197684
0.197657
0.197629
0.197601
0.197574
0.197546
0.197519
0.197631
0.197603
0.197715
0.197827
0.197799
0.197772
0.197744
0.197717
0.197828
0.197801
0.197773
0.197746
0.197718
0.197691
0.197663
0.197636
0.197608
0.197581
0.197553
0.197526
0.197498
0.19761
0.197582
0.197555
0.197666
0.197639
0.19775
0.197862
0.197834
0.197946
0.197918
0.197891
0.197863
0.197974
0.198086
0.198058
0.198031
0.198003
0.197976
0.197948
0.19806
0.198032
0.198005
0.197977
0.19795
0.197922
0.197895
0.197868
0.19784
0.197813
0.197785
0.197758
0.197731
0.197703
0.197814
0.197787
0.19776
0.197732
0.197705
0.197678
0.197789
0.197761
0.197872
0.197983
0.197956
0.197928
0.198039
0.19815
0.198122
0.198095
0.198068
0.19804
0.198151
0.198124
0.198096
0.198069
0.198042
0.198014
0.198125
0.198235
0.198208
0.198181
0.198154
0.198126
0.198099
0.198072
0.198044
0.198017
0.198127
0.198238
0.198211
0.198183
0.198156
0.198129
0.198239
0.198349
0.198322
0.198295
0.198268
0.19824
0.198213
0.198186
0.198159
0.198269
0.198242
0.198214
0.198187
0.19816
0.198133
0.198105
0.198078
0.198051
0.198024
0.197997
0.19797
0.197942
0.197915
0.197888
0.197861
0.197971
0.197944
0.197917
0.198027
0.197999
0.197972
0.197945
0.197918
0.197891
0.197864
0.197974
0.197947
0.19792
0.197892
0.197865
0.197975
0.197948
0.197921
0.197894
0.197867
0.19784
0.197813
0.197786
0.197759
0.197732
0.197705
0.197678
0.197651
0.197624
0.197597
0.19757
0.197543
0.197516
0.197489
0.197462
0.197435
0.197544
0.197517
0.19749
0.197464
0.197573
0.197546
0.197519
0.197492
0.197465
0.197438
0.197548
0.197521
0.197494
0.197467
0.19744
0.197413
0.197522
0.197496
0.197469
0.197578
0.197687
0.19766
0.197633
0.197606
0.19758
0.197553
0.197662
0.197635
0.197744
0.197717
0.197826
0.197799
0.197772
0.197745
0.197719
0.197692
0.197665
0.197638
0.197611
0.19772
0.197693
0.197667
0.19764
0.197613
0.197586
0.197559
0.197533
0.197506
0.197479
0.197452
0.197561
0.197534
0.197507
0.197481
0.197589
0.197563
0.197536
0.197509
0.197482
0.197456
0.197564
0.197538
0.197511
0.197484
0.197457
0.197431
0.197404
0.197377
0.197351
0.197324
0.197432
0.197406
0.197514
0.197488
0.197461
0.197569
0.197543
0.197516
0.197624
0.197598
0.197571
0.197544
0.197518
0.197491
0.197464
0.197438
0.197411
0.197384
0.197358
0.197331
0.197305
0.197278
0.197251
0.19736
0.197333
0.197306
0.19728
0.197253
0.197227
0.1972
0.197174
0.197147
0.197121
0.197094
0.197068
0.197176
0.197149
0.197122
0.197096
0.197069
0.197043
0.197017
0.19699
0.196964
0.196937
0.196911
0.197019
0.196992
0.196966
0.197073
0.197181
0.197289
0.197397
0.19737
0.197344
0.197451
0.197425
0.197398
0.197372
0.19748
0.197453
0.197427
0.1974
0.197374
0.197347
0.197321
0.197294
0.197268
0.197242
0.197215
0.197189
0.197296
0.19727
0.197243
0.197217
0.197191
0.197164
0.197138
0.197112
0.197085
0.197059
0.197166
0.19714
0.197113
0.197087
0.197061
0.197168
0.197142
0.197249
0.197223
0.197196
0.19717
0.197144
0.197117
0.197091
0.197198
0.197305
0.197279
0.197253
0.197226
0.1972
0.197174
0.197147
0.197121
0.197095
0.197202
0.197176
0.197283
0.197256
0.19723
0.197204
0.197177
0.197284
0.197258
0.197232
0.197206
0.197179
0.197153
0.197127
0.197234
0.19734
0.197314
0.197421
0.197395
0.197501
0.197475
0.197582
0.197688
0.197662
0.197769
0.197742
0.197716
0.19769
0.197796
0.19777
0.197744
0.197718
0.197691
0.197665
0.197639
0.197613
0.197587
0.19756
0.197667
0.197641
0.197614
0.197588
0.197562
0.197668
0.197642
0.197616
0.19759
0.197564
0.197537
0.197511
0.197485
0.197459
0.197433
0.197407
0.197381
0.197487
0.197461
0.197567
0.197673
0.197647
0.197621
0.197595
0.197568
0.197542
0.197516
0.19749
0.197596
0.197702
0.197676
0.197782
0.197756
0.19773
0.197836
0.197941
0.198047
0.198021
0.198127
0.198233
0.198207
0.19818
0.198154
0.198128
0.198102
0.198076
0.19805
0.198024
0.198129
0.198103
0.198077
0.198051
0.198025
0.197999
0.198105
0.198078
0.198052
0.198158
0.198132
0.198106
0.19808
0.198054
0.198028
0.198002
0.198107
0.198081
0.198055
0.198029
0.198003
0.197977
0.197951
0.198056
0.19803
0.198004
0.197978
0.197952
0.198057
0.198031
0.198006
0.19798
0.197954
0.197928
0.198033
0.198007
0.197981
0.197955
0.19806
0.198034
0.198008
0.197982
0.197956
0.198061
0.198166
0.198271
0.198245
0.198219
0.198324
0.198429
0.198403
0.198377
0.198351
0.198325
0.19843
0.198535
0.198509
0.198483
0.198457
0.198431
0.198405
0.19838
0.198354
0.198328
0.198302
0.198276
0.19825
0.198355
0.198459
0.198564
0.198538
0.198512
0.198486
0.19846
0.198434
0.198409
0.198383
0.198487
0.198592
0.198566
0.19854
0.198514
0.198488
0.198462
0.198436
0.198411
0.198385
0.198359
0.198333
0.198437
0.198412
0.198386
0.19836
0.198464
0.198569
0.198543
0.198517
0.198491
0.198465
0.19857
0.198674
0.198648
0.198622
0.198596
0.198571
0.198675
0.198649
0.198623
0.198597
0.198571
0.198546
0.19852
0.198494
0.198598
0.198572
0.198547
0.198521
0.198495
0.198469
0.198444
0.198418
0.198522
0.198496
0.19847
0.198445
0.198419
0.198393
0.198367
0.198342
0.198316
0.19829
0.198265
0.198239
0.198213
0.198188
0.198162
0.198136
0.198111
0.198215
0.198189
0.198163
0.198138
0.198112
0.198086
0.19819
0.198164
0.198268
0.198372
0.198346
0.19832
0.198424
0.198398
0.198373
0.198476
0.19858
0.198554
0.198658
0.198632
0.198606
0.198581
0.198555
0.198529
0.198633
0.198607
0.198582
0.198556
0.19853
0.198505
0.198608
0.198582
0.198557
0.198531
0.198506
0.19848
0.198455
0.198429
0.198404
0.198378
0.198352
0.198456
0.19843
0.198405
0.198508
0.198482
0.198457
0.19856
0.198534
0.198637
0.198612
0.198586
0.198561
0.198535
0.198638
0.198613
0.198715
0.19869
0.198664
0.198639
0.198613
0.198588
0.198562
0.198537
0.198511
0.198486
0.198589
0.198563
0.198538
0.198512
0.198615
0.19859
0.198564
0.198539
0.198513
0.198488
0.198463
0.198437
0.19854
0.198514
0.198489
0.198464
0.198438
0.198413
0.198515
0.19849
0.198464
0.198439
0.198414
0.198388
0.198363
0.198338
0.19844
0.198415
0.198389
0.198492
0.198466
0.198441
0.198416
0.19839
0.198365
0.19834
0.198314
0.198417
0.198391
0.198366
0.198341
0.198315
0.19829
0.198265
0.19824
0.198342
0.198317
0.198419
0.198393
0.198368
0.19847
0.198445
0.19842
0.198394
0.198497
0.198599
0.198701
0.198675
0.19865
0.198625
0.1986
0.198574
0.198549
0.198524
0.198499
0.198473
0.198448
0.19855
0.198525
0.198499
0.198474
0.198449
0.198424
0.198399
0.198373
0.198348
0.198323
0.198298
0.1984
0.198374
0.198349
0.198324
0.198299
0.198274
0.198249
0.19835
0.198325
0.1983
0.198275
0.19825
0.198224
0.198326
0.198301
0.198403
0.198377
0.198352
0.198327
0.198302
0.198404
0.198379
0.198353
0.198455
0.19843
0.198531
0.198633
0.198608
0.198582
0.198557
0.198532
0.198507
0.198482
0.198457
0.198432
0.198407
0.198508
0.198483
0.198458
0.198433
0.198408
0.198383
0.198358
0.198332
0.198307
0.198409
0.198384
0.198359
0.19846
0.198435
0.19841
0.198385
0.19836
0.198461
0.198436
0.198537
0.198512
0.198487
0.198462
0.198437
0.198412
0.198513
0.198614
0.198589
0.198564
0.198539
0.198514
0.198489
0.198464
0.198439
0.198414
0.198515
0.198615
0.198716
0.198691
0.198666
0.198641
0.198616
0.198591
0.198566
0.198667
0.198642
0.198743
0.198718
0.198693
0.198668
0.198769
0.198744
0.198719
0.198694
0.198669
0.198769
0.19887
0.198845
0.19882
0.198795
0.198896
0.198871
0.198846
0.198946
0.198921
0.198896
0.198997
0.198972
0.198947
0.198922
0.198897
0.198872
0.198847
0.198822
0.198797
0.198773
0.198748
0.198723
0.198698
0.198673
0.198648
0.198623
0.198598
0.198574
0.198549
0.198649
0.198624
0.198599
0.198574
0.198675
0.19865
0.198625
0.198725
0.1987
0.198675
0.198651
0.198626
0.198601
0.198576
0.198551
0.198527
0.198502
0.198477
0.198452
0.198428
0.198403
0.198378
0.198353
0.198453
0.198429
0.198404
0.198504
0.198479
0.198454
0.19843
0.198529
0.198505
0.19848
0.19858
0.19868
0.198655
0.198755
0.198854
0.19883
0.198805
0.19878
0.19888
0.198855
0.19883
0.198806
0.198781
0.198756
0.198856
0.198955
0.198931
0.198906
0.198881
0.198857
0.198832
0.198931
0.199031
0.199006
0.198981
0.199081
0.199056
0.199156
0.199131
0.199106
0.199082
0.199057
0.199032
0.199007
0.198983
0.198958
0.198933
0.198909
0.198884
0.198859
0.198835
0.19881
0.198785
0.198761
0.198736
0.198712
0.198687
0.198662
0.198762
0.198737
0.198836
0.198812
0.198787
0.198762
0.198738
0.198713
0.198812
0.198788
0.198887
0.198986
0.198961
0.198937
0.198912
0.198888
0.198863
0.198838
0.198814
0.198913
0.199012
0.198987
0.198963
0.198938
0.199037
0.199012
0.198988
0.198963
0.199062
0.199038
0.199013
0.198988
0.198964
0.198939
0.198915
0.19889
0.198866
0.198964
0.19894
0.198915
0.198891
0.198866
0.198842
0.198817
0.198793
0.198768
0.198744
0.19872
0.198695
0.198794
0.198769
0.198745
0.198843
0.198819
0.198917
0.198893
0.198869
0.198844
0.19882
0.198795
0.198771
0.198746
0.198722
0.198697
0.198673
0.198649
0.198747
0.198723
0.198698
0.198674
0.198649
0.198625
0.198723
0.198699
0.198675
0.19865
0.198626
0.198602
0.198577
0.198675
0.198651
0.198627
0.198602
0.198578
0.198554
0.198529
0.198628
0.198603
0.198579
0.198555
0.19853
0.198506
0.198604
0.19858
0.198556
0.198654
0.198629
0.198605
0.198581
0.198556
0.198654
0.19863
0.198606
0.198582
0.198557
0.198533
0.198509
0.198484
0.19846
0.198436
0.198412
0.198387
0.198363
0.198339
0.198315
0.198413
0.198388
0.198364
0.19834
0.198438
0.198414
0.198389
0.198487
0.198463
0.198439
0.198415
0.19839
0.198488
0.198464
0.19844
0.198416
0.198513
0.198489
0.198587
0.198563
0.198538
0.198514
0.198612
0.198588
0.198563
0.198539
0.198637
0.198734
0.19871
0.198686
0.198662
0.198638
0.198735
0.198711
0.198687
0.198663
0.198638
0.198614
0.19859
0.198566
0.198542
0.198518
0.198615
0.198591
0.198567
0.198543
0.198519
0.198495
0.198471
0.198568
0.198544
0.19852
0.198496
0.198471
0.198447
0.198423
0.198399
0.198375
0.198472
0.198448
0.198424
0.1984
0.198376
0.198352
0.198449
0.198425
0.198401
0.198377
0.198353
0.198329
0.198305
0.198281
0.198257
0.198354
0.19833
0.198306
0.198282
0.198258
0.198234
0.19821
0.198186
0.198162
0.198138
0.198114
0.19809
0.198066
0.198043
0.198019
0.197995
0.197971
0.197947
0.197923
0.197899
0.197875
0.197851
0.197827
0.197804
0.19778
0.197756
0.197732
0.197708
0.197684
0.197781
0.197757
0.197733
0.197709
0.197806
0.197782
0.197758
0.197735
0.197711
0.197687
0.197663
0.19776
0.197736
0.197712
0.197688
0.197665
0.197761
0.197737
0.197714
0.19769
0.197666
0.197763
0.197739
0.197715
0.197691
0.197788
0.197764
0.19786
0.197837
0.197933
0.197909
0.198006
0.197982
0.197958
0.197934
0.198031
0.198007
0.197983
0.197959
0.197935
0.197912
0.198008
0.197984
0.19796
0.197937
0.198033
0.198009
0.197985
0.198082
0.198058
0.198154
0.19813
0.198106
0.198083
0.198059
0.198035
0.198012
0.197988
0.197964
0.19794
0.197917
0.197893
0.197869
0.197846
0.197822
0.197798
0.197775
0.197751
0.197727
0.197704
0.1978
0.197776
0.197752
0.197729
0.197705
0.197681
0.197777
0.197754
0.19773
0.197706
0.197683
0.197659
0.197636
0.197731
0.197708
0.197684
0.197661
0.197637
0.197613
0.19759
0.197566
0.197543
0.197519
0.197615
0.19771
0.197687
0.197663
0.19764
0.197616
0.197712
0.197688
0.197665
0.197641
0.197618
0.197594
0.197571
0.197547
0.197524
0.1975
0.197476
0.197453
0.197429
0.197406
0.197383
0.197359
0.197336
0.197312
0.197289
0.197265
0.197242
0.197337
0.197433
0.197409
0.197386
0.197362
0.197339
0.197434
0.197411
0.197506
0.197482
0.197459
0.197436
0.197412
0.197389
0.197365
0.197342
0.197318
0.197295
0.19739
0.197485
0.197581
0.197676
0.197771
0.197747
0.197724
0.197701
0.197677
0.197654
0.19763
0.197607
0.197584
0.19756
0.197537
0.197632
0.197608
0.197703
0.197798
0.197775
0.197751
0.197728
0.197823
0.1978
0.197776
0.197753
0.197729
0.197824
0.197801
0.197778
0.197754
0.197849
0.197826
0.197802
0.197779
0.197874
0.197968
0.197945
0.19804
0.198016
0.198111
0.198206
0.198182
0.198277
0.198253
0.19823
0.198207
0.198183
0.19816
0.198137
0.198113
0.19809
0.198066
0.198043
0.198138
0.198114
0.198091
0.198068
0.198044
0.198021
0.197998
0.197974
0.197951
0.197928
0.198022
0.197999
0.197976
0.197952
0.197929
0.197906
0.197882
0.197859
0.197836
0.197813
0.197907
0.197884
0.19786
0.197837
0.197931
0.197908
0.197885
0.197862
0.197838
0.197815
0.197792
0.197886
0.197863
0.197957
0.197934
0.197911
0.197887
0.197981
0.197958
0.197935
0.198029
0.198006
0.197983
0.197959
0.197936
0.19803
0.198007
0.197984
0.197961
0.197937
0.197914
0.197891
0.197868
0.197845
0.197821
0.197798
0.197892
0.197869
0.197846
0.197823
0.1978
0.197776
0.197753
0.19773
0.197707
0.197801
0.197778
0.197872
0.197965
0.197942
0.197919
0.197896
0.197873
0.19785
0.197943
0.19792
0.198014
0.197991
0.197968
0.198061
0.198038
0.198015
0.197992
0.197969
0.197946
0.198039
0.198133
0.19811
0.198087
0.198064
0.198041
0.198017
0.198111
0.198088
0.198065
0.198042
0.198135
0.198229
0.198322
0.198299
0.198276
0.198369
0.198346
0.198323
0.1983
0.198277
0.198254
0.198231
0.198208
0.198185
0.198162
0.198138
0.198232
0.198209
0.198186
0.198163
0.19814
0.198116
0.198093
0.19807
0.198047
0.198024
0.198118
0.198095
0.198188
0.198165
0.198142
0.198235
0.198328
0.198305
0.198282
0.198259
0.198236
0.198213
0.19819
0.198167
0.198144
0.198121
0.198098
0.198191
0.198168
0.198145
0.198238
0.198215
0.198192
0.198285
0.198378
0.198355
0.198332
0.198309
0.198286
0.198263
0.19824
0.198217
0.19831
0.198287
0.198264
0.198357
0.198334
0.198426
0.198404
0.198381
0.198473
0.198566
0.198543
0.198636
0.198728
0.198705
0.198682
0.198659
0.198636
0.198614
0.198591
0.198568
0.198545
0.198522
0.198499
0.198591
0.198568
0.198661
0.198638
0.198615
0.198592
0.198569
0.198546
0.198523
0.198501
0.198593
0.198685
0.198663
0.19864
0.198732
0.198824
0.198801
0.198894
0.198871
0.198848
0.198825
0.198802
0.198779
0.198871
0.198849
0.198826
0.198803
0.19878
0.198757
0.198734
0.198711
0.198688
0.198666
0.198643
0.198735
0.198712
0.198689
0.198666
0.198644
0.198736
0.198713
0.19869
0.198667
0.198644
0.198736
0.198828
0.198806
0.198783
0.198875
0.198852
0.198944
0.198921
0.198898
0.198875
0.198853
0.198944
0.198922
0.198899
0.198876
0.198853
0.19883
0.198808
0.198785
0.198762
0.198739
0.198716
0.198694
0.198671
0.198648
0.198625
0.198603
0.19858
0.198557
0.198534
0.198512
0.198489
0.198466
0.198444
0.198421
0.198398
0.198375
0.198467
0.198444
0.198422
0.198399
0.198491
0.198468
0.198445
0.198423
0.1984
0.198377
0.198355
0.198332
0.198309
0.198287
0.198264
0.198356
0.198333
0.198424
0.198402
0.198379
0.198357
0.198334
0.198311
0.198289
0.198266
0.198243
0.198221
0.198198
0.198176
0.198153
0.19813
0.198108
0.198085
0.198063
0.19804
0.198018
0.197995
0.197972
0.19795
0.197927
0.198019
0.197996
0.197974
0.198065
0.198156
0.198134
0.198111
0.198089
0.198066
0.198043
0.198021
0.197998
0.197976
0.197953
0.198045
0.198022
0.198113
0.198091
0.198068
0.198159
0.198137
0.198114
0.198092
0.198069
0.198047
0.198024
0.198002
0.197979
0.197957
0.197934
0.197912
0.197889
0.19798
0.197958
0.197936
0.197913
0.198004
0.197982
0.197959
0.197937
0.197914
0.197892
0.197869
0.197847
0.197825
0.197802
0.19778
0.197757
0.197735
0.197713
0.19769
0.197668
0.197645
0.197623
0.197714
0.197692
0.197669
0.197647
0.197738
0.197828
0.197919
0.19801
0.197987
0.197965
0.198056
0.198033
0.198011
0.198101
0.198192
0.19817
0.198147
0.198125
0.198103
0.198193
0.198171
0.198148
0.198126
0.198104
0.198081
0.198059
0.198037
0.198014
0.197992
0.19797
0.197947
0.198038
0.198015
0.197993
0.198083
0.198061
0.198039
0.198016
0.197994
0.197972
0.19795
0.197927
0.197905
0.197995
0.197973
0.198063
0.198041
0.198131
0.198109
0.198087
0.198064
0.198042
0.19802
0.197998
0.197975
0.197953
0.198043
0.198021
0.197999
0.197976
0.197954
0.197932
0.19791
0.197887
0.197865
0.197843
0.197933
0.197911
0.197889
0.197866
0.197844
0.197822
0.1978
0.19789
0.19798
0.19807
0.198048
0.198025
0.198003
0.197981
0.197959
0.197937
0.197914
0.197892
0.19787
0.19796
0.197938
0.197915
0.197893
0.197871
0.197849
0.197827
0.197805
0.197783
0.19776
0.19785
0.19794
0.197918
0.197896
0.197985
0.197963
0.197941
0.197919
0.197897
0.197875
0.197853
0.19783
0.197808
0.197786
0.197876
0.197966
0.197943
0.198033
0.198011
0.197989
0.197967
0.197945
0.197922
0.1979
0.197878
0.197856
0.197834
0.197812
0.19779
0.197768
0.197857
0.197947
0.197925
0.197903
0.197881
0.197859
0.197837
0.197814
0.197792
0.19777
0.197748
0.197726
0.197704
0.197682
0.19766
0.197638
0.197728
0.197706
0.197683
0.197661
0.197639
0.197617
0.197595
0.197573
0.197551
0.197529
0.197508
0.197486
0.197464
0.197442
0.197531
0.197509
0.197598
0.197576
0.197554
0.197532
0.197621
0.197599
0.197578
0.197556
0.197645
0.197623
0.197601
0.19769
0.197779
0.197757
0.197735
0.197713
0.197691
0.197669
0.197647
0.197625
0.197603
0.197582
0.19756
0.197538
0.197516
0.197494
0.197583
0.197561
0.197539
0.197628
0.197606
0.197584
0.197562
0.197651
0.197629
0.197607
0.197696
0.197674
0.197653
0.197631
0.197609
0.197587
0.197565
0.197543
0.197521
0.19761
0.197588
0.197566
0.197545
0.197523
0.197501
0.19759
0.197568
0.197546
0.197635
0.197723
0.197701
0.19779
0.197768
0.197857
0.197835
0.197813
0.197791
0.197769
0.197748
0.197726
0.197704
0.197682
0.19766
0.197638
0.197617
0.197595
0.197573
0.197551
0.19753
0.197508
0.197486
0.197464
0.197442
0.197421
0.197399
0.197377
0.197355
0.197444
0.197422
0.1974
0.197489
0.197467
0.197555
0.197534
0.197512
0.19749
0.197468
0.197447
0.197425
0.197403
0.197381
0.19736
0.197338
0.197316
0.197405
0.197383
0.197471
0.197449
0.197428
0.197406
0.197384
0.197363
0.197451
0.197429
0.197407
0.197386
0.197364
0.197342
0.197321
0.197299
0.197277
0.197366
0.197344
0.197322
0.197301
0.197279
0.197257
0.197236
0.197214
0.197192
0.19728
0.197259
0.197237
0.197216
0.197304
0.197282
0.19726
0.197239
0.197327
0.197305
0.197283
0.197262
0.19724
0.197219
0.197197
0.197175
0.197154
0.197132
0.19722
0.197199
0.197177
0.197155
0.197243
0.197222
0.1972
0.197178
0.197157
0.197135
0.197114
0.197092
0.197071
0.197049
0.197028
0.197006
0.197094
0.197072
0.197051
0.197138
0.197117
0.197095
0.197074
0.197052
0.197031
0.197009
0.196988
0.196966
0.196945
0.196923
0.196902
0.19688
0.196859
0.196838
0.196816
0.196795
0.196773
0.196752
0.196839
0.196818
0.196905
0.196884
0.196862
0.19695
0.196928
0.196907
0.196886
0.196864
0.196952
0.19693
0.196909
0.196887
0.196866
0.196844
0.196932
0.19691
0.196889
0.196976
0.196955
0.196933
0.196912
0.196891
0.196978
0.197065
0.197044
0.197022
0.19711
0.197088
0.197067
0.197045
0.197024
0.197003
0.196981
0.19696
0.196938
0.196917
0.196896
0.196874
0.196853
0.19694
0.196919
0.196897
0.196876
0.196855
0.196833
0.196812
0.196791
0.196769
0.196748
0.196727
0.196705
0.196684
0.196663
0.196641
0.19662
0.196599
0.196577
0.196556
0.196643
0.196622
0.196601
0.196688
0.196666
0.196645
0.196624
0.196602
0.196689
0.196668
0.196647
0.196626
0.196604
0.196691
0.19667
0.196649
0.196627
0.196606
0.196693
0.19678
0.196759
0.196737
0.196716
0.196695
0.196674
0.196652
0.196631
0.19661
0.196589
0.196567
0.196546
0.196525
0.196504
0.196483
0.196569
0.196548
0.196527
0.196506
0.196484
0.196571
0.19655
0.196529
0.196507
0.196486
0.196573
0.196552
0.196531
0.196617
0.196596
0.196575
0.196554
0.196532
0.196511
0.19649
0.196469
0.196448
0.196427
0.196406
0.196384
0.196363
0.196342
0.196321
0.1963
0.196279
0.196258
0.196237
0.196215
0.196302
0.196388
0.196475
0.196454
0.196432
0.196411
0.19639
0.196477
0.196455
0.196434
0.196413
0.196392
0.196371
0.19635
0.196329
0.196415
0.196394
0.196373
0.196352
0.196331
0.19631
0.196396
0.196375
0.196354
0.19644
0.196419
0.196398
0.196377
0.196463
0.196442
0.196421
0.1964
0.196379
0.196358
0.196444
0.19653
0.196509
0.196488
0.196467
0.196446
0.196425
0.196404
0.196383
0.196469
0.196448
0.196427
0.196406
0.196385
0.196364
0.196343
0.196322
0.196408
0.196387
0.196366
0.196345
0.19643
0.196516
0.196495
0.196581
0.196667
0.196646
0.196732
0.196711
0.19669
0.196669
0.196648
0.196627
0.196606
0.196585
0.196564
0.19665
0.196629
0.196608
0.196587
0.196566
0.196545
0.19663
0.196609
0.196588
0.196568
0.196653
0.196632
0.196611
0.19659
0.196569
0.196655
0.196741
0.19672
0.196699
0.196678
0.196657
0.196636
0.196615
0.196594
0.196573
0.196552
0.196531
0.19651
0.196489
0.196468
0.196448
0.196533
0.196512
0.196491
0.19647
0.196449
0.196429
0.196408
0.196387
0.196472
0.196558
0.196537
0.196516
0.196601
0.19658
0.196559
0.196539
0.196518
0.196497
0.196476
0.196455
0.196434
0.196413
0.196393
0.196372
0.196351
0.19633
0.196309
0.196288
0.196268
0.196353
0.196332
0.196311
0.19629
0.196376
0.196355
0.196334
0.196419
0.196398
0.196378
0.196357
0.196336
0.196315
0.1964
0.196379
0.196359
0.196444
0.196423
0.196402
0.196381
0.196361
0.19634
0.196319
0.196298
0.196277
0.196257
0.196236
0.196215
0.196194
0.196174
0.196153
0.196238
0.196217
0.196197
0.196281
0.196261
0.19624
0.196219
0.196199
0.196178
0.196157
0.196242
0.196221
0.196306
0.196285
0.196265
0.196244
0.196223
0.196203
0.196287
0.196267
0.196246
0.196331
0.19631
0.196395
0.196374
0.196353
0.196333
0.196312
0.196291
0.196376
0.196461
0.19644
0.196524
0.196609
0.196588
0.196673
0.196758
0.196737
0.196716
0.196695
0.196675
0.196654
0.196633
0.196613
0.196592
0.196571
0.196551
0.196635
0.19672
0.196804
0.196783
0.196868
0.196847
0.196826
0.196911
0.19689
0.196974
0.197059
0.197038
0.197122
0.197207
0.197186
0.197165
0.197145
0.197229
0.197208
0.197188
0.197167
0.197146
0.197125
0.197105
0.197084
0.197063
0.197043
0.197022
0.197106
0.19719
0.19717
0.197149
0.197128
0.197108
0.197087
0.197171
0.197151
0.19713
0.197109
0.197089
0.197068
0.197047
0.197027
0.197006
0.196986
0.196965
0.197049
0.197028
0.197008
0.196987
0.196967
0.196946
0.196925
0.196905
0.196884
0.196864
0.196948
0.196927
0.196906
0.196886
0.196865
0.196845
0.196824
0.196804
0.196783
0.196762
0.196742
0.196721
0.196701
0.19668
0.19666
0.196639
0.196619
0.196598
0.196578
0.196557
0.196537
0.196516
0.1966
0.196684
0.196663
0.196643
0.196622
0.196602
0.196581
0.196561
0.19654
0.19652
0.196499
0.196479
0.196562
0.196542
0.196522
0.196605
0.196585
0.196564
0.196544
0.196627
0.196711
0.196691
0.19667
0.19665
0.196629
0.196713
0.196692
0.196776
0.196755
0.196735
0.196714
0.196694
0.196674
0.196653
0.196633
0.196612
0.196592
0.196571
0.196655
0.196738
0.196718
0.196801
0.196781
0.196864
0.196844
0.196823
0.196907
0.19699
0.19697
0.196949
0.196929
0.196908
0.196888
0.196868
0.196951
0.19693
0.19691
0.19689
0.196869
0.196849
0.196828
0.196808
0.196891
0.196871
0.196954
0.196934
0.196913
0.196893
0.196872
0.196956
0.196935
0.197018
0.196998
0.197081
0.197061
0.19704
0.197123
0.197103
0.197186
0.197166
0.197249
0.197228
0.197208
0.197187
0.197167
0.197147
0.197126
0.197106
0.197086
0.197065
0.197045
0.197024
0.197004
0.196984
0.196963
0.196943
0.196923
0.197006
0.196985
0.196965
0.197048
0.197028
0.19711
0.19709
0.197173
0.197256
0.197235
0.197215
0.197195
0.197174
0.197154
0.197134
0.197113
0.197093
0.197073
0.197052
0.197032
0.197012
0.196992
0.196971
0.196951
0.197034
0.197013
0.196993
0.196973
0.196953
0.197035
0.197015
0.196995
0.196974
0.196954
0.196934
0.197016
0.196996
0.196976
0.196956
0.197038
0.197018
0.196998
0.196977
0.19706
0.19704
0.19702
0.196999
0.196979
0.196959
0.196939
0.196918
0.196898
0.196878
0.196858
0.196837
0.196817
0.196797
0.196777
0.196757
0.196839
0.196819
0.196799
0.196778
0.196861
0.196943
0.196923
0.196903
0.196883
0.196863
0.196842
0.196925
0.196904
0.196884
0.196967
0.196946
0.196926
0.197009
0.196988
0.196968
0.196948
0.196928
0.196908
0.19699
0.19697
0.19695
0.196929
0.196909
0.196889
0.196869
0.196849
0.196829
0.196809
0.196788
0.196768
0.19685
0.19683
0.19681
0.19679
0.19677
0.196852
0.196832
0.196812
0.196792
0.196772
0.196854
0.196834
0.196813
0.196793
0.196773
0.196753
0.196733
0.196713
0.196693
0.196673
0.196755
0.196735
0.196715
0.196695
0.196776
0.196756
0.196838
0.196818
0.196798
0.196778
0.19686
0.19684
0.19682
0.1968
0.19678
0.19676
0.196842
0.196822
0.196801
0.196883
0.196863
0.196843
0.196925
0.196905
0.196885
0.196865
0.196845
0.196825
0.196805
0.196785
0.196765
0.196745
0.196725
0.196705
0.196685
0.196665
0.196645
0.196726
0.196706
0.196686
0.196666
0.196646
0.196728
0.196708
0.196688
0.196668
0.196648
0.196628
0.196608
0.196588
0.196568
0.196548
0.196528
0.19661
0.19659
0.19657
0.19655
0.19653
0.19651
0.19649
0.19647
0.196552
0.196532
0.196512
0.196492
0.196472
0.196452
0.196432
0.196412
0.196392
0.196372
0.196353
0.196333
0.196313
0.196293
0.196273
0.196253
0.196335
0.196315
0.196295
0.196275
0.196356
0.196336
0.196317
0.196297
0.196277
0.196257
0.196237
0.196217
0.196197
0.196178
0.196259
0.196239
0.196219
0.196199
0.19618
0.19616
0.19614
0.19612
0.196201
0.196181
0.196162
0.196142
0.196122
0.196102
0.196082
0.196164
0.196144
0.196225
0.196306
0.196286
0.196266
0.196247
0.196227
0.196207
0.196288
0.196268
0.196248
0.196229
0.196209
0.19629
0.19627
0.196351
0.196331
0.196312
0.196292
0.196272
0.196252
0.196232
0.196213
0.196193
0.196173
0.196153
0.196234
0.196215
0.196296
0.196276
0.196256
0.196236
0.196217
0.196297
0.196278
0.196359
0.196339
0.19642
0.1964
0.19638
0.19636
0.196341
0.196421
0.196502
0.196482
0.196463
0.196543
0.196524
0.196504
0.196484
0.196464
0.196445
0.196525
0.196506
0.196486
0.196466
0.196446
0.196427
0.196507
0.196488
0.196468
0.196448
0.196429
0.196409
0.196489
0.19647
0.19645
0.19643
0.196411
0.196391
0.196472
0.196452
0.196432
0.196412
0.196393
0.196373
0.196454
0.196434
0.196414
0.196395
0.196475
0.196556
0.196536
0.196516
0.196497
0.196477
0.196457
0.196538
0.196618
0.196698
0.196779
0.196759
0.196739
0.19682
0.1969
