0.0968
0.1018
0.1043
0.1062
0.105
0.1035
0.1001
0.104
0.1056
0.0968
0.1008
0.1017
0.1053
0.1101
0.1107
0.1121
0.1084
0.1059
0.1132
0.1074
0.1155
0.1145
0.1098
0.1163
0.1135
0.1161
0.1142
0.1149
0.1132
0.1129
0.1174
0.1184
0.1161
0.1231
0.1228
0.1229
0.1204
0.125
0.1198
0.1234
0.1247
0.1303
0.1242
0.1262
0.125
0.1248
0.1356
0.1332
0.131
0.1368
0.1319
0.1274
0.138
0.1299
0.1398
0.1418
0.1326
0.1389
0.1377
0.1422
0.1452
0.1466
0.1431
0.1424
0.1509
0.1522
0.1497
0.1434
0.1516
0.1575
0.1514
0.1531
0.1584
0.1526
0.155
0.1603
0.1652
0.1695
0.1666
0.1633
0.1692
0.1678
0.1682
0.1762
0.1728
0.176
0.1731
0.173
0.1757
0.1845
0.1762
0.1847
0.1843
0.1859
0.1865
0.1809
0.1953
0.1861
0.1923
0.1953
0.1969
0.2027
0.2008
0.2016
0.1962
0.194
0.1892
0.1928
0.202
0.1935
0.1956
0.1939
0.1889
0.1991
0.1858
0.1819
0.1898
0.1941
0.1942
0.1934
0.1915
0.2087
0.1882
0.1949
0.1989
0.2005
0.2036
0.1967
0.1947
0.1971
0.1927
0.2019
0.2035
0.1933
0.1919
0.2011
0.1989
0.2003
0.2104
0.2089
0.2183
0.1998
0.2055
0.2048
0.1904
0.2033
0.1981
0.203
0.2075
0.1861
0.1944
0.2051
0.2062
0.1861
0.1931
0.1977
0.2046
0.2101
0.21
0.2193
0.1921
0.1991
0.2077
0.2096
0.2149
0.2299
0.1949
0.2104
0.2143
0.218
0.2256
0.2336
0.2383
0.2196
0.2251
0.2319
0.2426
0.2508
0.2103
0.2338
0.2411
